1.060941115446655198e-03
8.088356822794412135e-04
1.136917629786527058e-03
7.879728518659693225e-04
8.890893916521653683e-04
7.252471152337817625e-04
1.107196466769977882e-03
8.212452122177264259e-04
1.308240292360265998e-03
7.547266322275431559e-04
8.131639732476176902e-04
1.105130723144295271e-03
1.250534081705733736e-03
1.057863758649274294e-03
8.792904431223556687e-04
1.008007587144598132e-03
7.213922810482013750e-04
8.655296667988113431e-04
9.488377391174320896e-04
7.222027206297250770e-04
1.011369354869462184e-03
1.400422565281132575e-03
1.011703762504202438e-03
9.720691854430054540e-04
1.818448908399091912e-03
1.105659675826622251e-03
1.300933274452906359e-03
1.082749604830003610e-03
1.406486800728221770e-03
8.830159261486397824e-04
7.860230365098377480e-04
1.113998658288227689e-03
1.028391420931038750e-03
8.666980481023913753e-04
1.046587589748300406e-03
6.785720861092463686e-04
8.710666269392275136e-04
1.123869095282822210e-03
9.516534798969492233e-04
7.696583961577380117e-04
2.063589610624708571e-03
1.047274584312767607e-03
1.438562079407236429e-03
1.407781087674886107e-03
1.230266974556911775e-03
9.323824632788467546e-04
7.932150186514763061e-04
7.333843293946976181e-04
1.103767312519733255e-03
2.170381012554338518e-03
1.024439446559932947e-03
8.327058137766966267e-04
7.367376926531886069e-04
9.810489242423100619e-04
9.428269479174844307e-04
1.047244973644717277e-03
1.451036934489675478e-03
1.019224007149419943e-03
1.486158571147898301e-03
1.166687216564884968e-03
9.651176713590043418e-04
6.243974366466544402e-04
6.623040629369378405e-04
9.729070990080368637e-04
1.508895935143754648e-03
8.491033699725197750e-04
7.488492831131423038e-04
7.441432302788253666e-04
9.058289583870515922e-04
8.545459489172489882e-04
6.389995492577010740e-04
1.278754963373109153e-03
5.588021040962951221e-04
9.402060678819004758e-04
7.813638122704648446e-04
9.303906571296229749e-04
9.512180687244052753e-04
8.685608198687837494e-04
6.990614360816121801e-04
1.280860090534116213e-03
7.982160575124561987e-04
1.101581918310267369e-03
1.068328256435060585e-03
1.315063717873132462e-03
1.314937593764977687e-03
5.826824875998671150e-04
1.377062316652460190e-03
1.190529022895221159e-03
1.101147121317605504e-03
8.893416758569145774e-04
7.004178494441242516e-04
8.794850438283569050e-04
1.162720075398362800e-03
8.201191276435957928e-04
8.330213060582082694e-04
1.027087206275494177e-03
1.132506808810818371e-03
8.418878382843142903e-04
1.034983390371344795e-03
9.333872948188545911e-04
1.098823441386311689e-03
1.763521773628331851e-03
9.709884271647932236e-04
9.558845137778930034e-04
1.130419028786233075e-03
1.006434355231048414e-03
6.925551501492188764e-04
1.558478036442606171e-03
7.951820444908666834e-04
1.399068124919203510e-03
8.592488035962845237e-04
1.195708752622420303e-03
1.682708972277111676e-03
9.135779767417357214e-04
9.623203675102353673e-04
9.324609359834031691e-04
9.894032515590422874e-04
7.690414574157450767e-04
1.376660036850645835e-03
8.538742695991092223e-04
8.036291118117284277e-04
9.377765914298495133e-04
8.266582575432342150e-04
9.019989910518250165e-04
7.763288300866328512e-04
2.000538895759489209e-03
1.240927510062901163e-03
6.830752519281810091e-04
7.980924282663958997e-04
1.033139473286343686e-03
1.042266570789590532e-03
1.057887264390877224e-03
7.561420337864669088e-04
1.059534486270285970e-03
9.550199210831310844e-04
1.466177617988654322e-03
6.741573831278698057e-04
1.097663535119971362e-03
1.215004369024884866e-03
6.717655234429757618e-04
7.545076392277995630e-04
8.251587210173704726e-04
1.711692772884159134e-03
7.986617537127397790e-04
8.947148669595781419e-04
1.207432457808433994e-03
2.261618108037069270e-03
1.202391096564517587e-03
1.275006513436414881e-03
5.310762728538464053e-04
1.022464961946524661e-03
7.723545580850157532e-04
1.113249342018846587e-03
7.273599744921151623e-04
1.129245974495011887e-03
7.932922539581606196e-04
1.119279842748701270e-03
1.519164245460658891e-03
8.907044216949690663e-04
7.802078599083029763e-04
1.035283168466673244e-03
8.488289979496654349e-04
1.180538054974949579e-03
1.562097980452072316e-03
1.009838842299829158e-03
8.397529731755560157e-04
1.327413109600751161e-03
9.044545557372503375e-04
1.085086823616835403e-03
1.949690888084484007e-03
9.742935380830743987e-04
9.477837180408125745e-04
7.071571628376898712e-04
6.510024561150349817e-04
8.845717636401621842e-04
7.443729108822668382e-04
9.385085283468521701e-04
7.943195311981767360e-04
1.126511200242987735e-03
8.910035874431850456e-04
1.130142635218247356e-03
1.106973620907512933e-03
9.145918999179632539e-04
1.170226976598459558e-03
8.736580371681637591e-04
1.111334407402282546e-03
6.057802728376844017e-04
7.599261127182220868e-04
1.036353706734113997e-03
1.648070894644808283e-03
6.654347278289591151e-04
8.535762499672545651e-04
1.036131288107518993e-03
9.710840606536508181e-04
7.601201174348886161e-04
9.299966227937714065e-04
7.726718727656897451e-04
8.861702959223093697e-04
1.041666112732428980e-03
9.152803318606323769e-04
1.193587797527192367e-03
1.046426310375338968e-03
1.217317809343170486e-03
6.959604107958467997e-04
1.007559123099812780e-03
1.029654523197124803e-03
8.020797740893479896e-04
1.262629556562960354e-03
8.535214058507270378e-04
1.330003632552088791e-03
1.210565669789046093e-03
9.832922254291401754e-04
1.686892958506773033e-03
7.596075196571901427e-04
1.385111939183519651e-03
8.684102403722043610e-04
9.516089362053589511e-04
9.614023793885241587e-04
9.963192685406307720e-04
1.281787540547663215e-03
9.456996306683347620e-04
6.863953649763198002e-04
8.063925148976813090e-04
6.069112903523818034e-04
7.540223746755330293e-04
1.018751889466478150e-03
7.550609208320010340e-04
9.114746505813689503e-04
1.078362877599017573e-03
9.796081070322960882e-04
1.623280836891381231e-03
9.166736585473913256e-04
6.545319453035252071e-04
8.666377653501985447e-04
1.140912931780066952e-03
8.157757793916073797e-04
1.184929997275594935e-03
9.558068031311848373e-04
1.060479650812655526e-03
1.165056360399614049e-03
1.029351141694107149e-03
2.513385587425507467e-03
9.502145953104324666e-04
1.761443618122207405e-03
1.033272837867890313e-03
1.284444721150520196e-03
9.537872761512552859e-04
8.413772195209918026e-04
8.707778754263682114e-04
8.288874052030008668e-04
1.015108822778804315e-03
7.751052912349329794e-04
9.160446622060382411e-04
1.078540948358890127e-03
8.576224434977059493e-04
1.078047402122254928e-03
8.990540764885785342e-04
7.354521500435601961e-04
1.110167009997235256e-03
1.222071819725643188e-03
8.541241949097764120e-04
9.799995015287875279e-04
1.851796217834868153e-03
1.384783723337264325e-03
9.556006565558370670e-04
9.213129338160406384e-04
5.317131120629646577e-04
7.596314723358095489e-04
1.516643899493196751e-03
8.348926384291550842e-04
1.050246929582721251e-03
1.048973216732566925e-03
1.318895037134149538e-03
7.263312964876523364e-04
1.066507478875681689e-03
7.535844900070022730e-04
1.163095296039936980e-03
5.091699147432293682e-04
1.244208416980199404e-03
1.061643638860433657e-03
9.124371321518689754e-04
1.041950972974809483e-03
7.978695796315832776e-04
9.396131643320240669e-04
9.712214781339900595e-04
1.241494354333157971e-03
6.450757220257891458e-04
7.231220132234191921e-04
7.403096649717868117e-04
8.793166748197061861e-04
1.047304815846570843e-03
9.436573480679087862e-04
1.253799107065363188e-03
1.073427463009654767e-03
9.516194372462022551e-04
8.922714920931006793e-04
1.021838460568345354e-03
7.395312465714625524e-04
7.840358573933971491e-04
8.865173896990901324e-04
7.954051635704765047e-04
8.103845329851884667e-04
9.081748225316433644e-04
8.571587806057311045e-04
5.966028759296646347e-04
8.912080539478562692e-04
1.365665983507697873e-03
6.995553465762528646e-04
8.562915996140909279e-04
1.234052819025187970e-03
1.957089038403813080e-03
8.044250552353081861e-04
9.003837506027186945e-04
7.145945490635171281e-04
1.079807301480360544e-03
6.844191509676367420e-04
9.881957755970142195e-04
5.504327929274526517e-04
9.734479667129229338e-04
1.111844391793734678e-03
7.463097721101981646e-04
7.885339091325122268e-04
1.566612759238854074e-03
8.352509816571835471e-04
1.116274769027080296e-03
1.414393170600579137e-03
9.355952706397616895e-04
1.114879185904099883e-03
1.416233001763951864e-03
8.948058347293527323e-04
1.045045647400711037e-03
1.706300140349520204e-03
1.368796943944865880e-03
1.120488065668899351e-03
7.470016428309134583e-04
8.535708086797309281e-04
1.091415016660943552e-03
1.016745985525094364e-03
8.340021007784599334e-04
1.208408288173436511e-03
1.336380722569379840e-03
1.516276356846341534e-03
9.591922710586754924e-04
1.064145793040689823e-03
1.122409630461354774e-03
6.866443776357502877e-04
1.066714928120148734e-03
8.578760318100171148e-04
8.493157604732742057e-04
7.223127656434448225e-04
7.849846885197770720e-04
1.124330287705032965e-03
8.762210935549289391e-04
9.288450599768461637e-04
2.329508775284446116e-03
8.805838250911756076e-04
1.294788887180746461e-03
8.968744761174813566e-04
1.017153368581798353e-03
9.434303985733191907e-04
1.331579432333874699e-03
8.412222190035498638e-04
1.239423158526816371e-03
1.097669036336175723e-03
9.976112268022020464e-04
8.772336434990249485e-04
1.233878005348770573e-03
9.239152399594106110e-04
1.372044290635974703e-03
6.671109311106543458e-04
8.391994627262042497e-04
1.002478695042244034e-03
1.103962112833383911e-03
9.217626312440099865e-04
7.937159319597879466e-04
6.337933392695047508e-04
8.583844486650296212e-04
1.196904470795168412e-03
9.229982184517332260e-04
9.222155754800027277e-04
9.452594056152002246e-04
9.558955302666233712e-04
9.350577367841781447e-04
1.128251825617120931e-03
7.559845519538991622e-04
9.689142990143724803e-04
9.435072884356101447e-04
1.626608062347847895e-03
9.238707316951326812e-04
9.068683784126860790e-04
9.813493890313068017e-04
6.750451119543194982e-04
5.318627267635908477e-04
7.459716502994217374e-04
8.734841037253842939e-04
9.861305374583163429e-04
9.325113103296940337e-04
8.832095307251372658e-04
9.136627453475291202e-04
8.663136973593060005e-04
1.019419057338325418e-03
1.463444196874159713e-03
1.479404291712408922e-03
1.261487718562204902e-03
8.294546258013895269e-04
1.064360688972731603e-03
1.381197305689808993e-03
9.775399289134807830e-04
7.993678779887401342e-04
1.137239908998221270e-03
1.072909011171058148e-03
9.017558469212370951e-04
1.108007781596322431e-03
9.291152378617995901e-04
1.053863305619603995e-03
1.093622153836458586e-03
7.734194059590953491e-04
1.137881280227862491e-03
1.134644510590813960e-03
1.094252175483972824e-03
1.221708896906120289e-03
1.243152121892227620e-03
9.550931590453495476e-04
7.244860351671789447e-04
1.171935471576659700e-03
1.142419817197054804e-03
1.074237215124860872e-03
2.038790420586912913e-03
9.973669581915232691e-04
8.694147543598488865e-04
8.612492607922004641e-04
8.328701869593508732e-04
1.032375910965384379e-03
6.727619730436638912e-04
1.008714995288340207e-03
1.039753633171237694e-03
1.309221449896938016e-03
8.091802240658718150e-04
8.696128092771924275e-04
9.903736017434930459e-04
1.073086848396326504e-03
1.021571740665269332e-03
1.119164831946048910e-03
7.451090485321315311e-04
8.911968938932520855e-04
1.198536203904435916e-03
7.483535121441359066e-04
9.646659544417382839e-04
5.691571577236852805e-04
6.676606645677340014e-04
8.624419880433299105e-04
1.089884969181410639e-03
8.468394483625324865e-04
8.234945245419098264e-04
8.530296155225957234e-04
1.074499671928992725e-03
7.403875170249117187e-04
1.372057361190083579e-03
1.032170340146103564e-03
7.506749701595356091e-04
8.106144107803260699e-04
5.967333839447363630e-04
1.412406666762834996e-03
8.417698168778670227e-04
9.644201605810715644e-04
1.099568960572749367e-03
1.089060493948580807e-03
8.591158422423675681e-04
1.100070606651069958e-03
8.995830801126311789e-04
1.233118288350593247e-03
1.608930658585705021e-03
1.011394781533805649e-03
7.272513579949372361e-04
7.129738730973728209e-04
8.780045525642239147e-04
8.924160697418152301e-04
8.932471914205122616e-04
1.008865884927128819e-03
8.248347579538405170e-04
1.115471590951668283e-03
9.622110459540115721e-04
1.108262626046852212e-03
8.789551642058674938e-04
1.204043714517988523e-03
7.380036624427979784e-04
1.256297628539285475e-03
7.848731115599493803e-04
9.702474538241467016e-04
8.717474875919665588e-04
1.289475885294297285e-03
1.191858020571699359e-03
6.863976247954474159e-04
1.343419748880556952e-03
5.082569383948702798e-04
8.962011036765373060e-04
7.425574137542730567e-04
8.389666000360768323e-04
8.200966508172355830e-04
1.121503137404071234e-03
8.012912331099163350e-04
1.065543846778963530e-03
1.036922202243461362e-03
1.417031052046634166e-03
8.940637321083882982e-04
1.028058279935950385e-03
8.770215539931089464e-04
6.652869457267282256e-04
7.825407537505628050e-04
9.112014378580184440e-04
1.426847905566487867e-03
1.111200650826075663e-03
9.024979475964589170e-04
9.530495235384620154e-04
9.934214648325808208e-04
1.287919614721480749e-03
9.941978443130839067e-04
8.922558113527696930e-04
1.242790812545328024e-03
8.654812008694193811e-04
9.398476077655251379e-04
9.368985762544497845e-04
5.609413414704382105e-04
7.619299557048403015e-04
8.647731767955099767e-04
1.008988051876354500e-03
5.743175609083074010e-04
9.107686984812523884e-04
1.238842703221020459e-03
8.929171106662441969e-04
8.348652953889977232e-04
9.652370032368956434e-04
1.101896594129267480e-03
1.183723178197115941e-03
1.014827941123594033e-03
2.019955026335914280e-03
7.882963004719109861e-04
6.784339157800823965e-04
7.872753149624979636e-04
8.115500259988353213e-04
1.084291369159659903e-03
8.260352041208098017e-04
7.549716916383912048e-04
8.501314420111590747e-04
1.060157010609586717e-03
1.167058714763295757e-03
1.172671479683951978e-03
9.747244946781629619e-04
1.088597911529326804e-03
9.444299814900171831e-04
6.486689908380884745e-04
9.480968497241535047e-04
1.125805258421683913e-03
8.413769593391836298e-04
1.079230924547244135e-03
8.275014435337635539e-04
9.745559887426064483e-04
9.181714080146688873e-04
1.247505108386780335e-03
9.240616143463590507e-04
8.594494300464780058e-04
7.985078538770144004e-04
8.360027274149708920e-04
8.398870245189633474e-04
1.091116431654117229e-03
8.923341207776724210e-04
1.359731249356042849e-03
1.106528819030204187e-03
6.113225249193224992e-04
1.030343346845532301e-03
8.764917770790257683e-04
9.428191790391289139e-04
9.783379144032865096e-04
1.146264898442262131e-03
8.957946558831454253e-04
1.598867686210477023e-03
8.437116200945876839e-04
9.158116869592714676e-04
7.875022266785130197e-04
9.780394669583701833e-04
9.820230796110873076e-04
1.433198446882977565e-03
1.054272476827790989e-03
1.261312769084956204e-03
9.886821617837771893e-04
1.107622242493469479e-03
9.948173677229873134e-04
9.582159682213105267e-04
1.319599763163980654e-03
9.485924694269470218e-04
1.313446801095397281e-03
1.203413802588871196e-03
1.191588295721460276e-03
7.843752489970418681e-04
8.805596096686245551e-04
1.076391179613012073e-03
1.161242679001688255e-03
6.910024159162025427e-04
1.105160367164042439e-03
1.012033579950510648e-03
6.705689090118426531e-04
8.080356733208304311e-04
9.780913795424178367e-04
9.188644539230769997e-04
4.977085104693483499e-04
1.410029409960519885e-03
6.195247922528184566e-04
8.384759996419518819e-04
1.113554036145649948e-03
8.563562012559725652e-04
1.052808228264921851e-03
9.049209475893928330e-04
1.056653012357476433e-03
1.873999065712320458e-03
5.700140416854454408e-04
9.480694292048118341e-04
7.411098627653682578e-04
9.412383064592449739e-04
6.180221495964788401e-04
9.702323489749779470e-04
1.218645388345082408e-03
8.879792403092628354e-04
8.885399094912939475e-04
1.022338488846242371e-03
6.728014631623042974e-04
6.752515618644477392e-04
6.874696325167009223e-04
7.706765633130085221e-04
7.732616996774036022e-04
9.516160866557814724e-04
8.403871543319911454e-04
1.236167132028605968e-03
1.260905624745516486e-03
9.743337988848616623e-04
1.164705334213575688e-03
1.171388854682959158e-03
9.804365127138294032e-04
8.542590073589797529e-04
1.126776510560235705e-03
6.717632794653463982e-04
1.066112944737280946e-03
7.843584375748894905e-04
7.909744863642755204e-04
8.526634920857541211e-04
9.297203152750827156e-04
1.054234715626812830e-03
9.415451199535037393e-04
1.113325312535035040e-03
1.017538808983253123e-03
9.813357621162206723e-04
8.165658782248274954e-04
1.121947051309348355e-03
1.255038402289441980e-03
1.522606475694291599e-03
1.055480137429609059e-03
1.309003045314263182e-03
1.083112091434704867e-03
7.482722352162374593e-04
8.280738479755308558e-04
5.823415827706597461e-04
7.191180781897143961e-04
9.410703599000815392e-04
1.167043386286679713e-03
1.012177086292194916e-03
1.082987067159613907e-03
7.770190797498836670e-04
9.828554194042929057e-04
8.939478020856715060e-04
1.323239242643956719e-03
1.020812525098861159e-03
7.214086838895422075e-04
8.731513230500575866e-04
9.174169788891903005e-04
9.446979968106106011e-04
9.771453881508471943e-04
9.132269723237816574e-04
7.530729625549376950e-04
1.143487646959650888e-03
1.091471380777552609e-03
9.858966349362283717e-04
1.115374286840510468e-03
1.420339536587997623e-03
9.026586856240371212e-04
1.080374330488134303e-03
8.577549192632584647e-04
1.429961555193674664e-03
8.285558525914487465e-04
6.779251579300629195e-04
8.706755944394087288e-04
1.033284255631259849e-03
1.131129077018760325e-03
7.783821000502798987e-04
8.785512388211564119e-04
6.334708761448808395e-04
8.205081164035549386e-04
8.749400732236147209e-04
8.198602894368860802e-04
6.778314120580522257e-04
9.469491766104986760e-04
6.935182446923514061e-04
1.052508285948475361e-03
6.443255395418923462e-04
8.974355261778192271e-04
8.913698260976784735e-04
9.593490398550218092e-04
6.361383821315705952e-04
8.648774733294784835e-04
9.742424785206655301e-04
8.529293647955835979e-04
1.473479794899172071e-03
1.645736065877262053e-03
1.100043386827104838e-03
1.034420841236212071e-03
1.626404659523920850e-03
1.611385844576044635e-03
8.213518257866603018e-04
1.206339330188232507e-03
1.054239818955956219e-03
7.608847820405439510e-04
9.360151258096314868e-04
6.767376507081602696e-04
1.307060656123302470e-03
8.767697690025865517e-04
8.020514223140435672e-04
1.174237734963472527e-03
9.588784145202098545e-04
1.207953920722798676e-03
8.078162374876574070e-04
9.027938700604013714e-04
9.700396186236657625e-04
9.388605046309719034e-04
8.454324302657805976e-04
9.525553873193808897e-04
1.048839366104715098e-03
8.489213068909873261e-04
7.628160629787248109e-04
9.017672548009903529e-04
9.921174712100087716e-04
6.328969187055226604e-04
9.085081619440559669e-04
6.331065480985182108e-04
9.439224002702781106e-04
7.535726492088161421e-04
6.063106986838453583e-04
1.694667193088515624e-03
5.900700187741713927e-04
8.416311829843048115e-04
8.610035379274826647e-04
9.130427877211454504e-04
1.577025518977007981e-03
1.664562972306055620e-03
1.272641917872495594e-03
7.095721512134437869e-04
9.673426799687405431e-04
1.103667720461101601e-03
1.003541097592082140e-03
9.381755184762862864e-04
8.117944460388863952e-04
8.094923708302477830e-04
1.945484484840674265e-03
1.053064211604609309e-03
8.877579482261597869e-04
8.933489907558740152e-04
1.142235616242750530e-03
7.344291074870142825e-04
1.090578755349837616e-03
9.393006381280357732e-04
1.074344802966432358e-03
9.462622906612784806e-04
9.349297158634519919e-04
9.465428737754587579e-04
8.806550608923325620e-04
1.605083043589938504e-03
6.624443843705357139e-04
1.198744971255480190e-03
9.350559167383637807e-04
9.842687359191122729e-04
1.166996643975540433e-03
1.008568094268397610e-03
1.216917699870825442e-03
1.013454432333227165e-03
1.064864726931650293e-03
9.972882962663806063e-04
1.081970033840764416e-03
1.082963877080360751e-03
1.171137161503455187e-03
1.137583964095109038e-03
8.913452021938530079e-04
9.521971453679491278e-04
1.057842427957628130e-03
9.149097939398769409e-04
7.352454571649743188e-04
9.944552189828593982e-04
1.302353220158790304e-03
9.666870861377693715e-04
9.144222328640668092e-04
7.866451075424021628e-04
8.815813501391986558e-04
8.175926789162389977e-04
1.042972513553709624e-03
1.149103409440835897e-03
9.680473292791387692e-04
7.235872861838569224e-04
9.486518413633769804e-04
8.504940477580254319e-04
7.782344599509679814e-04
1.028664804760100887e-03
9.384094636936432358e-04
8.835247905558233934e-04
9.647423670300814443e-04
1.056399377431855267e-03
7.475766143917341160e-04
9.904498526144987682e-04
7.913488669148058784e-04
1.020643918233136559e-03
8.713591849128835519e-04
1.152545344072861177e-03
8.616255063318234517e-04
8.755183063747643598e-04
8.818759576572014324e-04
1.219464513499032973e-03
1.326657252846476145e-03
9.409913633214223895e-04
9.330534474606311419e-04
8.324924568110039520e-04
9.859548164924505139e-04
8.362987275335744767e-04
8.702769733206219219e-04
1.493108935422405269e-03
1.225893731852151398e-03
1.178901524759858391e-03
1.180872491326864521e-03
9.625716861759864296e-04
7.758927574681724181e-04
9.041609364550868590e-04
8.613649282741490509e-04
1.008476313206863994e-03
8.734659571493397397e-04
7.276658109550415698e-04
9.783639912410938694e-04
3.727551122833338941e-04
6.715504428418650994e-04
5.648282349338289762e-04
1.048296623144707486e-03
1.256740302269210643e-03
6.806849010869446201e-04
1.068510223079440933e-03
8.640981752450274667e-04
1.184783453143650007e-03
1.031426502291204941e-03
8.531055210278140448e-04
1.000069184053372284e-03
1.487180076384474322e-03
7.545330598400512567e-04
1.447081352361171943e-03
7.265848176685335297e-04
6.280999425360147496e-04
6.464314842456221621e-04
1.183732097949139308e-03
9.028751216253159701e-04
8.565252981269115204e-04
6.628291090748363815e-04
7.379078023500827439e-04
1.648441589031672235e-03
1.078951031042439971e-03
7.804279009141694250e-04
9.128145322228390073e-04
1.061885585806255543e-03
1.171449270903737998e-03
1.222607659676375061e-03
7.815043975597745201e-04
1.115346101999989100e-03
8.841066861954669388e-04
9.455281302456299865e-04
1.095205816365451071e-03
1.196272981999087909e-03
1.348418378069047739e-03
6.471703433628777074e-04
1.088539314246672867e-03
5.823480413398988455e-04
1.029375957407514938e-03
1.039773331492452758e-03
1.209893350823479938e-03
1.270756193141472055e-03
1.048661264834008667e-03
1.304616317952841118e-03
1.155624120166682221e-03
1.230665544967834459e-03
1.009286692716653867e-03
7.913236428294203630e-04
8.039360885071645917e-04
1.209066757702317516e-03
1.222926036104146413e-03
9.599714735724015641e-04
1.086325290019753620e-03
7.780164141737292479e-04
8.818586935728754683e-04
9.545852316995124230e-04
1.048912381912473803e-03
1.105418028116869665e-03
8.784997689469085675e-04
1.465147754696627435e-03
8.722371150229073136e-04
6.333912874857002516e-04
1.131830253610362430e-03
1.055844874823538056e-03
6.958261502524279874e-04
9.073940590162087559e-04
6.774039430491643997e-04
9.911473184571267196e-04
9.641005432612910573e-04
1.009089377708253469e-03
8.205861890542942398e-04
8.613231880543238423e-04
1.085536430433562934e-03
9.122728732880690250e-04
8.661186911885943463e-04
1.256807669449245364e-03
8.283137016339297849e-04
1.008378360149043930e-03
8.927706535212978200e-04
7.689325108745698103e-04
1.139325724736497654e-03
6.459002750555094350e-04
1.074825955684972738e-03
7.426075145113804950e-04
9.960670946795658395e-04
1.053955729790777805e-03
9.360526818635850604e-04
7.849526802922832287e-04
1.182350572667017520e-03
1.119402893754566693e-03
1.306364998150567587e-03
5.550942155429119777e-04
6.671450739731178432e-04
7.619738537333149361e-04
1.006548007950462459e-03
9.492994054762962219e-04
1.743644514156464723e-03
1.149537304056241511e-03
8.234583130345243026e-04
9.470703551353379639e-04
1.193451865005510249e-03
1.217645077096651384e-03
7.981468916565767104e-04
1.457169103066840131e-03
1.080356427268698918e-03
1.078436765270677014e-03
6.541832050405416415e-04
8.531267483904065620e-04
9.654813303558299527e-04
1.102297601325524876e-03
1.005508491210624269e-03
9.317993521395955599e-04
8.510283989459279264e-04
1.011159022987215403e-03
2.438540668414762667e-03
1.033596587205618022e-03
7.793514314454129920e-04
1.018142479610067248e-03
1.157071443402487220e-03
1.332709985564491410e-03
1.376240686156969713e-03
9.729625153406242996e-04
1.051455570918508834e-03
8.803067247285135000e-04
1.272440684573364041e-03
9.356912824837800707e-04
8.790659811530898184e-04
6.625832847230734689e-04
1.165207478430505851e-03
1.035671108968500400e-03
8.462364973621620823e-04
7.276292694553122657e-04
1.082354603025894191e-03
1.189814642243429855e-03
1.362261302512761396e-03
9.237652524587542085e-04
1.324498624540208086e-03
1.356711326218544827e-03
1.164986448471173842e-03
8.837828486326752570e-04
1.202939472854575031e-03
9.994204542138123912e-04
5.549236911685568761e-04
8.504299115412357075e-04
8.585074992597237307e-04
1.778739299683849018e-03
1.578173151252102845e-03
1.499253719426789496e-03
1.005724287805385368e-03
7.385607207679768544e-04
1.099102387921214053e-03
1.082526362984893549e-03
1.107228684287981562e-03
9.882805769372644735e-04
1.131844624032667026e-03
6.753822268429478335e-04
8.975913556261362787e-04
9.056118818931274943e-04
