1.060482276897075759e-03
8.090031615760104712e-04
1.137187810797126060e-03
7.877527554622701768e-04
8.891264035250925294e-04
7.252845069715397035e-04
1.107344584320336597e-03
8.212963294374766524e-04
1.308417681227679605e-03
7.547571670680594709e-04
8.131928955388866617e-04
1.105601980468084219e-03
1.250548563296627422e-03
1.057957199324875610e-03
8.792427283446313741e-04
1.007929487667236310e-03
7.212773306873405607e-04
8.653158624971272854e-04
9.489566284093867415e-04
7.222905481880322921e-04
1.011401028167268528e-03
1.400467030319689325e-03
1.011907205547070291e-03
9.720830016472017943e-04
1.817501079048927139e-03
1.105855879293463767e-03
1.300894445964187809e-03
1.082946743123689316e-03
1.406568850007906043e-03
8.829879726631162905e-04
7.858561346431051833e-04
1.113860417667491675e-03
1.028642508980566212e-03
8.665719359778815793e-04
1.046644981444690928e-03
6.785481175658858010e-04
8.711955633467838907e-04
1.123951074459017280e-03
9.517423731322748569e-04
7.696435709615436459e-04
2.063488614982473841e-03
1.047323604990870512e-03
1.438683657692316469e-03
1.408081970156291936e-03
1.230343743295971709e-03
9.322598692160541205e-04
7.932720946553877255e-04
7.333790911435806789e-04
1.103745391711443390e-03
2.170392778823550944e-03
1.024487842388255646e-03
8.329028759024973989e-04
7.366580669443187476e-04
9.808769256585379848e-04
9.428241380155266173e-04
1.047244853411487871e-03
1.451158466110420795e-03
1.019168961574613754e-03
1.486247389173066605e-03
1.166791235415999117e-03
9.653509382157045814e-04
6.243673729531966669e-04
6.623139928031813398e-04
9.731074675192314099e-04
1.507966376008835520e-03
8.491012605420869292e-04
7.487453405683175672e-04
7.439934418615087299e-04
9.058058816468087058e-04
8.545719169881887652e-04
6.391314398502929376e-04
1.278526167740186206e-03
5.587965327666717837e-04
9.401662641898432711e-04
7.815581389831146360e-04
9.303909234805475808e-04
9.513904158555772789e-04
8.686246714038069238e-04
6.990803923232789341e-04
1.280895874798017222e-03
7.982592706002938562e-04
1.101700107849939644e-03
1.068413347740394467e-03
1.315038836205215458e-03
1.314394364886209768e-03
5.825947707826352809e-04
1.377042747975476241e-03
1.190644811168766956e-03
1.101172628452410642e-03
8.893146339057717226e-04
7.003882278621470416e-04
8.795550380968524592e-04
1.163253026669293453e-03
8.201443933878930885e-04
8.330133567783408813e-04
1.027025281693906686e-03
1.132186545622099021e-03
8.417592398817959343e-04
1.035006855799209483e-03
9.333102112107328433e-04
1.099009803352634165e-03
1.764130016201946507e-03
9.708925658155288709e-04
9.557123302899354304e-04
1.130574034946945153e-03
1.006398788969277642e-03
6.926300404593828744e-04
1.558142896941016025e-03
7.952249182069514189e-04
1.398340980324456681e-03
8.592562382631126639e-04
1.196052895923645568e-03
1.682038971919851307e-03
9.136077759047806206e-04
9.623645451926096488e-04
9.326604323860762484e-04
9.893443613421110377e-04
7.690169456998337347e-04
1.376766220746560975e-03
8.539471294717886247e-04
8.036387231163211273e-04
9.379922271338952565e-04
8.266278773066614797e-04
9.022558760927238937e-04
7.761427996740094754e-04
2.000175745859023718e-03
1.241006598365595581e-03
6.830740092765780810e-04
7.981338480592924112e-04
1.033090570110235893e-03
1.042343361940971380e-03
1.057817283661981883e-03
7.562241397688288912e-04
1.059269106953333178e-03
9.549106070627016518e-04
1.466498767766939541e-03
6.739313822988802789e-04
1.097606734018303273e-03
1.214995648859134789e-03
6.718284083260060019e-04
7.545104693305558757e-04
8.250240046262027893e-04
1.711886296299303806e-03
7.986507037856325607e-04
8.947885342637765423e-04
1.207585985730351245e-03
2.261452873843672069e-03
1.202250394970516122e-03
1.275101865644173368e-03
5.311001180102698036e-04
1.022401654091485441e-03
7.724111793435178754e-04
1.113182214822634394e-03
7.272777127408768666e-04
1.129388501797355237e-03
7.933232344223149681e-04
1.119649500923449543e-03
1.518664695205067423e-03
8.906289221699177638e-04
7.801243924949385553e-04
1.035266880109002134e-03
8.486544079785717258e-04
1.180547319194308678e-03
1.562042661924677427e-03
1.009845107327166569e-03
8.399712280217103578e-04
1.327372184135611330e-03
9.042614910010023967e-04
1.085105395352527462e-03
1.949386275340086452e-03
9.742281463892639350e-04
9.477646151208341798e-04
7.071637715242466357e-04
6.509633212123588572e-04
8.847090059131461825e-04
7.443719486914975036e-04
9.383149991930490354e-04
7.943813395714818641e-04
1.126349416065864934e-03
8.908113972216249836e-04
1.130104526746101862e-03
1.107262337168700428e-03
9.144920445051724816e-04
1.170283371103376371e-03
8.738373097107830908e-04
1.111154892318229987e-03
6.055749097754580933e-04
7.600276870016685858e-04
1.036118585208476231e-03
1.647933958973679842e-03
6.653806888273194322e-04
8.534617024292764399e-04
1.036074113733154948e-03
9.712164285710198249e-04
7.601759164767112314e-04
9.301098357851416516e-04
7.728170538248797447e-04
8.863521116924579901e-04
1.041762450196829365e-03
9.152019210783943638e-04
1.193595276915310113e-03
1.046321128894362427e-03
1.217392189627673022e-03
6.958392022554363201e-04
1.007678352401500475e-03
1.029279137490718594e-03
8.021320266804624153e-04
1.262687060752298775e-03
8.533180503966749427e-04
1.330016777493383748e-03
1.210395302805027107e-03
9.833643512200110001e-04
1.686881942530548285e-03
7.596740871764972539e-04
1.385095923945099065e-03
8.684589799057664591e-04
9.514988864308492446e-04
9.614228413743477683e-04
9.964099067370380675e-04
1.281767338957648904e-03
9.455250310328490448e-04
6.862962262351856180e-04
8.065779519699682945e-04
6.071130014414080275e-04
7.539791037359873556e-04
1.018537015937847744e-03
7.550091670945472452e-04
9.115103307010701851e-04
1.078407277352187200e-03
9.797255327501598263e-04
1.622451897914762306e-03
9.167249120020248441e-04
6.545492108836104168e-04
8.665611202320379347e-04
1.140968223471287932e-03
8.157309226063014403e-04
1.185041297184990551e-03
9.558857741819217629e-04
1.059897646480848421e-03
1.164982059775031883e-03
1.029293942076760270e-03
2.511741987420627528e-03
9.502026868496258206e-04
1.759795049925032837e-03
1.033386461048707529e-03
1.284408859408899851e-03
9.536012989531664685e-04
8.413490727880890575e-04
8.708521757352365601e-04
8.288965741521629607e-04
1.015235184051369813e-03
7.751510100386658272e-04
9.162968243114574547e-04
1.078608446412566198e-03
8.576643201554940820e-04
1.078108208216419514e-03
8.991875733138913378e-04
7.356200181858037548e-04
1.110130636348525494e-03
1.221989915039051189e-03
8.542150828195467591e-04
9.801535040734072474e-04
1.852137307179973092e-03
1.385061157213626597e-03
9.555509718753496182e-04
9.213245801680567748e-04
5.317068291507646028e-04
7.596094402941026748e-04
1.516868682878224229e-03
8.349503633732571501e-04
1.050481260095034730e-03
1.049116625728753645e-03
1.318853602415133875e-03
7.262671017104081663e-04
1.066653202923412754e-03
7.535322206710828689e-04
1.163027483227814605e-03
5.091504843782502805e-04
1.244097766167572092e-03
1.061627054741266958e-03
9.124556724020402472e-04
1.041834336230843244e-03
7.977790535499111211e-04
9.396447586708372036e-04
9.712793299405002908e-04
1.241473812620346763e-03
6.449900269972070038e-04
7.230522985827050712e-04
7.402854161313189964e-04
8.793024169744916019e-04
1.047479145867751069e-03
9.438458254232703296e-04
1.253697345143785745e-03
1.073399704248438266e-03
9.517196559527329536e-04
8.922289425085641514e-04
1.021740191877319303e-03
7.395945883193937379e-04
7.841162764805700586e-04
8.863614625946290588e-04
7.953729316671491641e-04
8.105039333922523393e-04
9.082211197434537225e-04
8.571643169267866751e-04
5.964620755647613397e-04
8.913238230477643458e-04
1.365623500345841852e-03
6.995557437393638573e-04
8.561707091050519769e-04
1.234230212863569008e-03
1.956277819861545163e-03
8.044049036252415730e-04
9.005614623395755049e-04
7.146978348293554165e-04
1.080405570236261416e-03
6.841883728900149432e-04
9.881586208352818868e-04
5.502315606846152566e-04
9.733039094270070236e-04
1.111741193465842163e-03
7.462472011773587472e-04
7.884450281395170065e-04
1.566297639275954137e-03
8.351580033701662496e-04
1.116335036679132371e-03
1.414408072522750854e-03
9.357143604298674092e-04
1.114758649852865078e-03
1.416399179532494817e-03
8.949091724415282265e-04
1.045243174620915337e-03
1.706682918182553157e-03
1.368840679560398045e-03
1.120628243529072157e-03
7.469964168251737573e-04
8.535096064652353612e-04
1.091501578328815322e-03
1.016842523869896471e-03
8.339519006600052201e-04
1.208663671116996189e-03
1.335993334306000580e-03
1.516496571457908761e-03
9.591951666353246055e-04
1.064126670577107605e-03
1.122292600096404420e-03
6.866221278675152008e-04
1.066538370794799066e-03
8.576955712986636567e-04
8.493226044242048163e-04
7.226017840276595426e-04
7.849081128408629156e-04
1.123981097748803001e-03
8.761438227551199102e-04
9.291694613727234263e-04
2.330414231133213533e-03
8.806421230870887552e-04
1.294800654242648369e-03
8.968747651845410335e-04
1.017184364909872255e-03
9.436208788453470230e-04
1.331709651242752365e-03
8.414058798350114183e-04
1.239074594153592810e-03
1.098053013558385844e-03
9.976388094978380291e-04
8.772127364036329950e-04
1.233880068247665465e-03
9.239082032263003490e-04
1.372336063235933242e-03
6.672375788743293255e-04
8.390536359346660155e-04
1.002528139977720964e-03
1.104084056947257208e-03
9.217590885117062875e-04
7.937027797760015527e-04
6.338356922213049267e-04
8.584117270359115136e-04
1.197111144338533582e-03
9.229645942938459816e-04
9.222542429479223692e-04
9.452890851615958559e-04
9.558213197747333131e-04
9.352713476833052122e-04
1.128239068607889400e-03
7.559658417608334981e-04
9.689987139858689032e-04
9.433896995109380956e-04
1.626594117335495356e-03
9.237131862340863635e-04
9.068350599060780778e-04
9.810482498388271334e-04
6.751821406986442241e-04
5.319446008989636319e-04
7.460366801933125333e-04
8.735728942894281862e-04
9.865209720927980291e-04
9.324768052998704156e-04
8.830619092067939265e-04
9.135649616724625388e-04
8.662597747373766569e-04
1.019338175400471332e-03
1.463409916161856599e-03
1.478009005456145698e-03
1.261554101724089889e-03
8.293455595572722574e-04
1.064480839023699069e-03
1.378968812849666863e-03
9.774700375644153685e-04
7.993464272588286183e-04
1.136850849077588634e-03
1.073031752974018538e-03
9.018999093354026098e-04
1.108079943399114132e-03
9.291608618096204673e-04
1.053622825393578290e-03
1.093704032975195955e-03
7.738517513114935836e-04
1.137739563023484413e-03
1.134713709940208051e-03
1.094272821249172916e-03
1.222400882674490579e-03
1.243283583185134707e-03
9.550656658660165721e-04
7.246056523663368595e-04
1.171629919949516291e-03
1.142368563116911116e-03
1.074143248954643418e-03
2.038745657275723225e-03
9.975862373594289456e-04
8.693626995026114759e-04
8.611292041122843403e-04
8.331785173793663027e-04
1.032381266273544197e-03
6.727857256324098079e-04
1.008657555714267615e-03
1.039938296753910307e-03
1.309060732570577895e-03
8.091132853013957658e-04
8.694221599432907198e-04
9.908918868963183593e-04
1.073034999038280108e-03
1.021463306747383152e-03
1.119227911893080560e-03
7.451732850941640042e-04
8.912913264161738229e-04
1.198581378045366708e-03
7.484477454217841521e-04
9.646695651762388470e-04
5.690518315640033086e-04
6.675721368121856694e-04
8.625079960569125015e-04
1.089878781230306862e-03
8.469386422549140614e-04
8.233797015207409715e-04
8.531608417835880899e-04
1.074406810772472569e-03
7.403669301155365711e-04
1.371920419442446918e-03
1.032225928630949377e-03
7.505717027012451812e-04
8.104708241473688232e-04
5.967436401885452442e-04
1.412088291716718635e-03
8.419246329815905077e-04
9.641912782824414545e-04
1.099600195794947586e-03
1.089175393713375656e-03
8.591435876894237475e-04
1.100181538644928996e-03
8.995593095713877007e-04
1.233054718985044816e-03
1.608479427430157356e-03
1.011518106922894896e-03
7.271812569811635920e-04
7.130007808123139858e-04
8.780217541535101367e-04
8.926072698510294483e-04
8.933949391895918118e-04
1.009098971356720692e-03
8.250258593921725066e-04
1.115622956951894604e-03
9.621523614040034846e-04
1.108359365737310830e-03
8.791064480692675027e-04
1.204218475798307826e-03
7.380724196253830426e-04
1.256526177706313637e-03
7.848365021810666062e-04
9.702604769869497452e-04
8.717015646345646976e-04
1.289561685914994123e-03
1.192001929846481754e-03
6.867379633753013888e-04
1.343612126857959572e-03
5.080992322428230920e-04
8.961612644502838562e-04
7.425709995769959500e-04
8.390619312975979537e-04
8.201835864740372392e-04
1.121380742182616960e-03
8.012768227226986333e-04
1.065516537897417005e-03
1.036934794199046795e-03
1.416497456963612418e-03
8.940593894169514841e-04
1.028205990523880717e-03
8.770186948550085177e-04
6.652907300728626468e-04
7.822898274305203990e-04
9.111091144529792196e-04
1.426887307063199901e-03
1.111359724233470635e-03
9.026386862353644180e-04
9.530258418401018911e-04
9.934444031189223687e-04
1.288005375543951891e-03
9.939345784293700768e-04
8.923126041698884120e-04
1.242214039736721891e-03
8.654136703340234134e-04
9.396731139857077272e-04
9.369003766236678587e-04
5.609326850480318531e-04
7.617525960300069055e-04
8.647190149696853349e-04
1.008997960713877351e-03
5.742236150137508717e-04
9.106879125743420249e-04
1.239068607740823015e-03
8.929303006894033935e-04
8.347209691279954685e-04
9.650177336094232974e-04
1.102051806613744273e-03
1.183730834017579850e-03
1.014628688298414849e-03
2.020450984062491240e-03
7.884379596562660335e-04
6.784617352395755970e-04
7.871642668583966277e-04
8.118843267069540464e-04
1.084739661515345469e-03
8.259280040445915634e-04
7.548580906147197905e-04
8.502299768632290682e-04
1.060073428839660749e-03
1.167054559340966607e-03
1.172430558204282190e-03
9.749258836265670657e-04
1.088498294516882046e-03
9.444755171939085356e-04
6.487486344865852229e-04
9.480812633462904447e-04
1.125872108757592759e-03
8.416073337554174760e-04
1.079250274125058071e-03
8.275038996430249478e-04
9.745850454114301847e-04
9.183167587216865737e-04
1.247525563589271802e-03
9.242773885236015702e-04
8.593602774947987173e-04
7.984793653022170205e-04
8.358963268135000168e-04
8.398823742165498034e-04
1.091042293263027544e-03
8.926841854203889292e-04
1.359618807697072357e-03
1.106269077352450619e-03
6.111785876674722838e-04
1.030606543066422010e-03
8.764701614911832349e-04
9.428766546150188109e-04
9.782840965880991186e-04
1.146217818614987585e-03
8.958929887576599698e-04
1.599074412859136443e-03
8.437194301986923606e-04
9.157105908415669963e-04
7.874738644757213815e-04
9.780032084784348947e-04
9.820985306194351516e-04
1.433415162633072323e-03
1.054147751138398079e-03
1.261256082769256605e-03
9.886959094558959472e-04
1.107821758987519471e-03
9.946858299337494724e-04
9.579338338336544720e-04
1.319328033534333550e-03
9.485827203395537453e-04
1.313601167894185712e-03
1.203329073555835845e-03
1.191563101234731402e-03
7.844111941137268777e-04
8.806544275637384579e-04
1.076278902788370059e-03
1.161142764488985995e-03
6.910227982391123000e-04
1.105050964036075577e-03
1.012058337653255324e-03
6.705791853471795849e-04
8.078363681190158831e-04
9.782777124073939803e-04
9.188945482564221017e-04
4.976804942889477903e-04
1.409838527623674415e-03
6.195192846594969448e-04
8.386928302384457409e-04
1.113895244494246192e-03
8.562188986335728894e-04
1.052773552061792017e-03
9.048043338659071894e-04
1.056629681525152620e-03
1.874101288017183432e-03
5.700265611830516955e-04
9.479603822823978732e-04
7.412247919474608060e-04
9.411150444960552416e-04
6.180924162178262540e-04
9.702179092110054187e-04
1.218798312730705151e-03
8.881428032055791637e-04
8.886240478940139178e-04
1.022278435270318649e-03
6.728302393320196098e-04
6.751259263938810384e-04
6.875792341092608513e-04
7.706720045677776035e-04
7.736190652033471914e-04
9.516914776012636110e-04
8.406613865689393280e-04
1.236159222420538713e-03
1.260894183205366059e-03
9.743091670866446761e-04
1.164837648616878253e-03
1.171286787698086994e-03
9.802641318306358226e-04
8.541247129033226887e-04
1.127063163719901548e-03
6.717472980741008744e-04
1.066111807069466174e-03
7.841017649891531254e-04
7.912195288591863853e-04
8.527257453248772608e-04
9.298549981057271149e-04
1.053997375044453053e-03
9.413327628545035443e-04
1.113349399008033667e-03
1.017545607353900370e-03
9.814119065303496606e-04
8.167751661516831768e-04
1.121756077987868562e-03
1.254698161904784556e-03
1.522658522592082540e-03
1.055828133359315753e-03
1.308760652428065958e-03
1.083058847241618033e-03
7.482480908846590338e-04
8.280814134278805146e-04
5.823326349828696373e-04
7.191766500592147639e-04
9.411358568254012732e-04
1.167142530668038077e-03
1.012057206329568249e-03
1.083086160593986491e-03
7.770594368190389227e-04
9.829423607907205370e-04
8.939337854916072721e-04
1.322938577493755138e-03
1.020862788144370498e-03
7.214774881228480131e-04
8.732377406176153193e-04
9.173467441026474274e-04
9.447785537631589849e-04
9.773371348548390986e-04
9.130545038965079104e-04
7.530536161282558923e-04
1.143499035472893364e-03
1.091317413659955750e-03
9.860191166927061504e-04
1.115208592696166796e-03
1.419947133657396311e-03
9.023888301199967836e-04
1.080191633340851429e-03
8.576600616746221130e-04
1.429234188199054578e-03
8.285083968396668571e-04
6.780446791339767455e-04
8.706833923661410138e-04
1.033215101422628630e-03
1.131135686342762264e-03
7.784048494261807706e-04
8.786124098568489499e-04
6.335127947665539216e-04
8.206357406773531152e-04
8.749741953831963182e-04
8.199702456098379669e-04
6.780209249896687260e-04
9.469679228199229639e-04
6.933355229303772788e-04
1.052581562515443429e-03
6.442729507223393833e-04
8.974752655194215625e-04
8.914334147725364813e-04
9.593014055953042732e-04
6.361311138115661405e-04
8.650823925050582768e-04
9.742805725655691784e-04
8.528028323469283040e-04
1.473449430179015395e-03
1.645415349196757129e-03
1.099893147759571947e-03
1.034417673949817543e-03
1.626527675461630646e-03
1.610852023614589958e-03
8.214045712666324939e-04
1.206443339207871179e-03
1.054291946784295881e-03
7.609104589613850146e-04
9.365660729715706307e-04
6.767482689769501077e-04
1.307255370369967556e-03
8.767175560559108995e-04
8.022514037509386343e-04
1.174178247106638217e-03
9.587671574557681681e-04
1.208175657646079438e-03
8.078925509356447033e-04
9.028325138908861215e-04
9.699078681203593399e-04
9.386853869556139023e-04
8.456377048877351983e-04
9.525354544661910391e-04
1.048767627159581141e-03
8.488229164028699824e-04
7.630097481659691046e-04
9.018813784029049239e-04
9.920130297164182678e-04
6.329748792787929113e-04
9.083314744295944206e-04
6.330968907136008423e-04
9.438422436357730896e-04
7.533618436018170092e-04
6.063915048479566949e-04
1.694161149106441621e-03
5.899982606228217161e-04
8.416845044195522298e-04
8.612152134549039533e-04
9.130213793656212452e-04
1.577166808050800388e-03
1.664587742161918000e-03
1.272661704193406729e-03
7.098094002956034610e-04
9.671183971560472995e-04
1.103487157559851668e-03
1.003616279176888348e-03
9.381605303065735594e-04
8.118483190916764725e-04
8.095318902254933094e-04
1.944405754675607341e-03
1.053210516115937268e-03
8.877981247022290927e-04
8.932909173446251013e-04
1.142381309349338719e-03
7.343639543463528416e-04
1.090513521741627535e-03
9.394983580664534231e-04
1.074237760192498815e-03
9.462570635942622790e-04
9.350883935436004202e-04
9.466979872810382061e-04
8.808038776272028884e-04
1.604575899380633348e-03
6.624205232986934847e-04
1.198880267274484920e-03
9.351238149146018884e-04
9.842766695517049524e-04
1.166832644783279745e-03
1.008757760179705525e-03
1.217102044569892336e-03
1.013203229933092378e-03
1.065017986395854020e-03
9.972020066525010169e-04
1.082204276719444472e-03
1.082962849351018150e-03
1.171193666791918182e-03
1.137806497787744505e-03
8.914486327614465182e-04
9.521982088765146290e-04
1.057853489733869869e-03
9.148446684435293129e-04
7.353064253070041570e-04
9.944529087355111555e-04
1.302392650488734364e-03
9.668342172332187925e-04
9.144995160433133739e-04
7.867177884911089221e-04
8.815906389141254032e-04
8.176571472172297888e-04
1.043215283180004734e-03
1.149038450245006004e-03
9.680178188082866342e-04
7.235621680383777770e-04
9.487062010152731185e-04
8.505507283105123153e-04
7.783170635328406049e-04
1.028401760908671976e-03
9.385741977111039611e-04
8.835632261604251013e-04
9.650593614097249459e-04
1.056367950216813550e-03
7.474599619571470907e-04
9.908562266600514333e-04
7.914347679263502612e-04
1.020603167288933275e-03
8.713263434661723452e-04
1.152530141351777206e-03
8.617074362994081365e-04
8.754769199868409719e-04
8.817510607977228215e-04
1.219349992822696665e-03
1.326919114652472600e-03
9.409299355024978041e-04
9.330298729465988372e-04
8.324924219497160504e-04
9.859969406799270163e-04
8.364094703964399880e-04
8.702524055943506014e-04
1.493423307847069684e-03
1.225985093260965105e-03
1.178906522171383354e-03
1.180850598427879081e-03
9.626095571481106455e-04
7.759445693648372696e-04
9.043375795246581458e-04
8.614888369580324910e-04
1.008365282846330341e-03
8.734978936031107671e-04
7.275465460028529866e-04
9.786225903354443291e-04
3.727670226052483791e-04
6.715741621912819752e-04
5.647575777972025941e-04
1.048283467276029399e-03
1.256820879671653301e-03
6.806824594539078073e-04
1.068678042553834577e-03
8.641814301780905219e-04
1.184679608926878435e-03
1.031418965230384427e-03
8.530013150271382062e-04
1.000044663424188261e-03
1.487183897649184145e-03
7.546177724253246184e-04
1.447029250814075088e-03
7.264491910249862988e-04
6.281378454654094542e-04
6.464228449796552683e-04
1.184035708013796845e-03
9.028207322729141053e-04
8.565845886118969316e-04
6.627497078865164605e-04
7.380049317730990027e-04
1.648498597770953807e-03
1.079066754001601226e-03
7.805233802696546130e-04
9.127479266013024083e-04
1.062221003239256865e-03
1.171281830675940071e-03
1.222587293294560319e-03
7.814157425097031755e-04
1.115221081515139264e-03
8.840554793960750477e-04
9.454697807588735656e-04
1.095432263937037940e-03
1.196006798081873917e-03
1.348393088763020619e-03
6.471361432324666645e-04
1.088558075718866393e-03
5.822281278796801081e-04
1.029571382097065535e-03
1.039723971478454531e-03
1.209595952541857831e-03
1.270954802549951763e-03
1.048818893041108483e-03
1.304622008422657827e-03
1.155711325742094561e-03
1.231130380292633740e-03
1.009417516738867491e-03
7.914883359087670784e-04
8.042104470310429062e-04
1.209057884060734268e-03
1.223139909956337101e-03
9.600538546036315596e-04
1.086192074233766850e-03
7.780401383711842188e-04
8.818956310468308371e-04
9.545901934342525090e-04
1.048930183570298286e-03
1.105505040498729052e-03
8.783480053003562237e-04
1.465240386293951286e-03
8.721586492164183028e-04
6.332004625659376973e-04
1.131732428669885273e-03
1.055937716731093594e-03
6.958700405472755153e-04
9.075373131447459548e-04
6.775828146161457302e-04
9.911333122602531895e-04
9.640307714842250800e-04
1.009209367151763263e-03
8.204837988892646353e-04
8.615298544209089001e-04
1.085478496222616780e-03
9.122443223876614774e-04
8.662321402609544181e-04
1.256644029619794585e-03
8.284976025654862018e-04
1.008379469635981148e-03
8.926958371087590372e-04
7.689646172384400659e-04
1.139183878153252581e-03
6.458353592762644318e-04
1.075095198978164544e-03
7.424050419954813292e-04
9.960804237064591234e-04
1.053796673180329262e-03
9.358996726990952315e-04
7.846316248904762133e-04
1.182243427449725711e-03
1.119347755755347330e-03
1.306509826437259741e-03
5.550692704018164378e-04
6.672629007088239951e-04
7.619684233745773871e-04
1.006658536638206647e-03
9.492761736349126372e-04
1.743399120601085185e-03
1.149602078885349644e-03
8.234777083949847924e-04
9.472470753318223968e-04
1.193485324223542750e-03
1.217919198866142770e-03
7.982013519409766975e-04
1.457357834295019191e-03
1.080410602764216976e-03
1.078309300928206784e-03
6.542245751612228103e-04
8.532304074360371263e-04
9.655233587388649267e-04
1.102170968124970354e-03
1.005650584754074015e-03
9.317942687345284487e-04
8.510202920359469323e-04
1.011249428254498142e-03
2.438519508807128477e-03
1.033683973699716860e-03
7.792126137046370693e-04
1.017992007041167678e-03
1.157247805136028080e-03
1.332639938820978903e-03
1.376325418267222364e-03
9.729222410759510650e-04
1.051570364881153005e-03
8.802577281945991958e-04
1.272283781908465413e-03
9.357636032522910485e-04
8.791260926626672922e-04
6.625465937921785897e-04
1.165304005033648230e-03
1.035612830525597071e-03
8.461454306900729853e-04
7.276634537198680211e-04
1.082495928872553251e-03
1.189884461929993816e-03
1.362349678227107834e-03
9.236218923887157782e-04
1.324757196289617781e-03
1.356349894456345762e-03
1.164969207794811813e-03
8.837754191280117579e-04
1.202965442125783317e-03
9.996389367257847887e-04
5.549589947637478642e-04
8.503000733348647791e-04
8.584481477698063107e-04
1.779299870837977712e-03
1.577931885138497518e-03
1.499184723242193325e-03
1.005715666099259642e-03
7.385649190813558737e-04
1.099080979463744594e-03
1.082804890149283421e-03
1.107112734412708539e-03
9.882268423033863623e-04
1.132035098408841391e-03
6.753373103831044472e-04
8.975880985655181055e-04
9.055566875677256971e-04
