3.162277660168379134e-02
3.441357942095435440e-02
8.241898297224317313e-03
-2.172911613607266673e-02
-4.168348734640821285e-02
-4.242269037304318563e-02
-2.360596892654692053e-02
6.092583478411439310e-03
3.298258929421313268e-02
4.466834899799083242e-02
3.576298513881678159e-02
1.037167401513767497e-02
-1.980075004401080779e-02
-4.084546511141467356e-02
-4.306132175977992610e-02
-2.542685895309802421e-02
3.928824947843110454e-03
3.147340721254779372e-02
4.450944301430129202e-02
3.702760740632655978e-02
1.247686156443140494e-02
-1.782544223548466686e-02
-3.991061037069039419e-02
-4.359786750066337035e-02
-2.718746942453645343e-02
1.755752336427878141e-03
2.988961099988991441e-02
4.424501831797137547e-02
3.820444817847121893e-02
1.455247016865394115e-02
-1.580787558053081687e-02
-3.888113938806760789e-02
-4.403105560458293877e-02
-2.888362645465215178e-02
-4.214826439973570022e-04
2.823495536818644569e-02
4.387570178167476964e-02
3.929071751417618358e-02
1.659357917427555992e-02
-1.375283313239946195e-02
-3.775949273447764404e-02
-4.435985911078692973e-02
-3.051130895726373790e-02
-2.597718413851015686e-03
2.651336301608993307e-02
4.340236894558514857e-02
4.028384019043016601e-02
1.859534971610220244e-02
-1.166518678835289612e-02
-3.654832950207954900e-02
-4.458349852350237258e-02
-3.206665817902277366e-02
-4.767795762383974546e-03
2.472891532940000095e-02
4.282614194172960909e-02
4.118146180737532885e-02
2.055303618879073327e-02
-9.549885739838018250e-03
-3.525052100033981145e-02
-4.470144365988879681e-02
-3.354598684737562092e-02
-6.926570078641053688e-03
2.288584270530703846e-02
4.214838683374579065e-02
4.198145436989351303e-02
2.246199749727516640e-02
-7.411944739418542191e-03
-3.386914394900814723e-02
-4.471341490694474841e-02
-3.494578791199659529e-02
-9.068923547810090260e-03
2.098851452337287260e-02
4.137071037834964132e-02
4.268192133245171660e-02
2.431770805942960745e-02
-5.256432212282499856e-03
-3.240747318412490890e-02
-4.461938388438748543e-02
-3.626274285896354671e-02
-1.118977728404562527e-02
1.904142878702398678e-02
4.049495621619036284e-02
4.328120209525056911e-02
2.611576853488313879e-02
-3.088458240505524005e-03
-3.086897389435475786e-02
-4.441957351193420028e-02
-3.749372957797360295e-02
-1.328410337100596750e-02
1.704920146011880411e-02
3.952320050112506644e-02
4.377787594101503060e-02
2.785191625455291087e-02
-9.131624485596706586e-04
-2.925729340605073142e-02
-4.411445748082529900e-02
-3.863582976394188545e-02
-1.534693678155065258e-02
1.501655552386308226e-02
3.845774697827158278e-02
4.417076540309387150e-02
2.952203532617119278e-02
1.264298181216233280e-03
-2.757625253652274191e-02
-4.370475913084289482e-02
-3.968633583543935972e-02
-1.737338714835211240e-02
1.294830978001907870e-02
3.730112152251196384e-02
4.445893905688518000e-02
3.112216639184790107e-02
3.438761534290896062e-03
-2.582983653600991192e-02
-4.319144973548610933e-02
-4.064275735356636526e-02
-1.935865035750969354e-02
1.084936742695341572e-02
3.605606615038981638e-02
4.464171372796765097e-02
3.264851601453570840e-02
5.605072601792568908e-03
-2.402218563983475608e-02
-4.257574619936901894e-02
-4.150282692604635726e-02
-2.129801993767827667e-02
8.724704435607476966e-03
3.472553251960106002e-02
4.471865611170559168e-02
3.409746567114471660e-02
7.758095701503248294e-03
-2.215758525312770330e-02
-4.185910817330091432e-02
-4.226450558254080808e-02
-2.318689821772228210e-02
6.579357752939740157e-03
3.331267493148879627e-02
4.468958380048547452e-02
3.546558033099259793e-02
9.892726653041496870e-03
-2.024045579140216003e-02
-4.104323459388487666e-02
-4.292598760844567457e-02
-2.502080722643051230e-02
4.418413360817501252e-03
3.182084285312625910e-02
4.455456571615051126e-02
3.674961659924196739e-02
1.200390487836680911e-02
-1.827534220105751436e-02
-4.013005965584384716e-02
-4.348570482570538603e-02
-2.679539930846079956e-02
2.246994218662097097e-03
3.025357297672308377e-02
4.431392194660731254e-02
3.794653040603189476e-02
1.408662539890701525e-02
-1.626690318465609866e-02
-3.912174822661618895e-02
-4.394233031049832316e-02
-2.850646743134418667e-02
7.024811842177964790e-05
2.861458083517654655e-02
4.396822298699249593e-02
3.905348422306648137e-02
1.613595070088513078e-02
-1.421990015652096692e-02
-3.802069071409527878e-02
-4.429478153898148973e-02
-3.014995515911150087e-02
-2.106664519310157656e-03
2.690775199363975786e-02
4.351828838719720011e-02
4.006785379055137486e-02
1.814702244070087039e-02
-1.213918595482799644e-02
-3.682949739968293529e-02
-4.454222295363287343e-02
-3.172196626890558951e-02
-4.278582879131870124e-03
2.513713283800136228e-02
4.296518480895700209e-02
4.098723433854051940e-02
2.011507296262280906e-02
-1.002969333696798922e-02
-3.555099225008187536e-02
-4.468406794411215743e-02
-3.321877398776885981e-02
-6.440357985595906824e-03
2.330692098209695418e-02
4.231022349711333064e-02
4.180944628793083206e-02
2.203543660149499817e-02
-7.896423285434359812e-03
-3.418820622250780955e-02
-4.471998023793907068e-02
-3.463682982771976171e-02
-8.586864909903164575e-03
2.142145531641388712e-02
4.155495717103890180e-02
4.253254041760204385e-02
2.390356074364033065e-02
-5.744433151979706775e-03
-3.274437007918894194e-02
-4.464987469769653855e-02
-3.597277199817014437e-02
-1.071301491959877374e-02
1.948520572186551031e-02
4.070117634360161801e-02
4.315480248543943076e-02
2.571501661976340058e-02
-3.578824668124515329e-03
-3.122290672818059387e-02
-4.447391752286632832e-02
-3.722343337572976002e-02
-1.281376754244088062e-02
1.750276247302691088e-02
3.975090507638576881e-02
4.367475729229800679e-02
2.746550980425437397e-02
-1.404731850471472752e-03
-2.962742310866897308e-02
-4.419252585581890519e-02
-3.838584901252448806e-02
-1.488414251587925549e-02
1.547882535594865931e-02
3.870639618124507159e-02
4.409117217925889731e-02
2.915089039599352144e-02
7.726911705380919409e-04
-2.796170163998283956e-02
-4.380636679289229979e-02
-3.945726316520469651e-02
-1.691923159376881175e-02
1.341819252636357838e-02
3.757012587954826344e-02
4.440305994990301902e-02
3.076716285654634842e-02
2.948282369532772857e-03
-2.622969125459889347e-02
-4.331635580290516679e-02
-4.043513582799942302e-02
-1.891421018238505225e-02
1.132574913467055550e-02
3.634478793179542894e-02
4.460968121065826686e-02
3.231049548239536828e-02
5.116884063848866661e-03
-2.443549803638785448e-02
-4.272365455684906665e-02
-4.131714875431947986e-02
-2.086434877809317107e-02
9.206455744697505592e-03
3.503328725150772760e-02
4.471054612368457332e-02
3.377722948877882186e-02
7.273355140872856360e-03
-2.258337548631233690e-02
-4.202966817391423637e-02
-4.210121095263005125e-02
-2.276502417961153574e-02
7.065336573668302284e-03
3.363873301853488595e-02
4.470541556813344142e-02
3.516388768358436751e-02
9.412583246088589151e-03
-2.067771443862693320e-02
-4.123604189036308293e-02
-4.278546364357663223e-02
-2.461173044824524481e-02
4.907467581273572237e-03
3.216443130811571377e-02
4.459430170703329588e-02
3.646718271074533835e-02
1.152949690296762794e-02
-1.872303265151755575e-02
-4.034465715916667194e-02
-4.336828466659728432e-02
-2.640008959013636497e-02
2.737964436069209671e-03
3.061387725314503733e-02
4.437746795845412540e-02
3.768402484358330390e-02
1.361907753592382642e-02
-1.672396409683111346e-02
-3.935762718963326662e-02
-4.384829232558702661e-02
-2.812586193519425737e-02
5.619703877431724915e-04
2.899074675825881811e-02
4.405542837102175563e-02
3.881152930964133774e-02
1.567637136788760377e-02
-1.468524797429650655e-02
-3.827729193761517101e-02
-4.422434866448950869e-02
-2.978495618809106488e-02
-1.615355926004331550e-03
2.729888778533987037e-02
4.362894640525977197e-02
3.984702312962042081e-02
1.769650116423015021e-02
-1.261171747629327884e-02
-3.710621255817083547e-02
-4.449556216505465289e-02
-3.137343912752064284e-02
-3.788852709067452862e-03
2.554231123115052043e-02
4.309903312365180594e-02
4.078805145422445544e-02
1.967467779525253549e-02
-1.050828832977260957e-02
-3.584716533381611392e-02
-4.466128986036378007e-02
-3.288754493069048768e-02
-5.953367244022624363e-03
2.372518141867612299e-02
4.246694479371097841e-02
4.163238338388251109e-02
2.160621158979184747e-02
-8.379947142538559518e-03
-3.450313509278825352e-02
-4.472113885911378761e-02
-3.432368410098569217e-02
-8.103768107701192491e-03
2.185180622474972370e-02
4.173417990974216674e-02
4.237801725754768156e-02
2.348652345303541347e-02
-6.231739581461312287e-03
-3.307730813289527089e-02
-4.467496727704656917e-02
-3.567845197759199338e-02
-1.023495733626580279e-02
1.992662686735931568e-02
4.090247564035442290e-02
4.302318539804703135e-02
2.531115572221356164e-02
-4.068758410703297336e-03
-3.157306466775255255e-02
-4.452288457331451260e-02
-3.694863680694548264e-02
-1.234188251098468359e-02
1.795420737682044618e-02
3.997380371014892103e-02
4.356635830271597676e-02
2.707578273438509403e-02
-1.896131418285642569e-03
-2.999397081329393394e-02
-4.426525129098484584e-02
-3.813122735684751352e-02
-1.441954873600588202e-02
1.593922377582484423e-02
3.895036572534507635e-02
4.400624826940136708e-02
2.877622108131317608e-02
2.809907403892756639e-04
-2.834377013356831343e-02
-4.390267820229950407e-02
-3.922342005520014496e-02
-1.646303047979265008e-02
1.388645299396462814e-02
3.783458795442230793e-02
4.434181244921906601e-02
3.040843952708048928e-02
2.457446753201769900e-03
-2.662637476585466914e-02
-4.343602486071353186e-02
-4.022262563645449818e-02
-1.846748325209181252e-02
1.180076154305583110e-02
3.662911557615636249e-02
4.457225531884015379e-02
3.196856856495944310e-02
4.628076887276934281e-03
-2.484585614614339549e-02
-4.286639756315106103e-02
-4.112647527998491287e-02
-2.042815508878381703e-02
9.687093980068778656e-03
3.533680640868420292e-02
4.469703056644189904e-02
3.345290959086880123e-02
6.787735221163498575e-03
-2.300643535697443134e-02
-4.219514672729945959e-02
-4.193282622586719938e-02
-2.234039781738986902e-02
7.550461185061973189e-03
3.396072413445939270e-02
4.471584238685136214e-02
3.485794367166775848e-02
8.931301844307910909e-03
-2.111247312048763342e-02
-4.142386369017088399e-02
-4.263976685472201794e-02
-2.419967807651027605e-02
5.395928481852938115e-03
3.250413103717667007e-02
4.462864618281145446e-02
3.618033988749914248e-02
1.105369499483639835e-02
-1.916845946044756083e-02
-4.055437693551166428e-02
-4.324562121960478372e-02
-2.600158806307686227e-02
3.228603629644839334e-03
3.097048026785268957e-02
4.443564867070750463e-02
3.741696322842415212e-02
1.314988310691291538e-02
-1.717900305773342740e-02
-3.958874775901294329e-02
-4.374895301917579304e-02
-2.774185598195383698e-02
1.053624714036541015e-03
2.936340765843365591e-02
4.413730739050587132e-02
3.856488202659619918e-02
1.521489673908242232e-02
-1.514882032450751495e-02
-3.852926538158267522e-02
-4.414856900274698182e-02
-2.941635617310327938e-02
-1.123852033847092501e-03
2.768672310231256109e-02
4.373432962105950478e-02
3.962137490638027726e-02
1.724384035536008150e-02
-1.308272422300476093e-02
-3.737844152228449873e-02
-4.444352179912419709e-02
-3.102111889229745151e-02
-3.298664461270485113e-03
2.594440152219773879e-02
4.322767070336065026e-02
4.058393723592523816e-02
1.923190393108796178e-02
-1.098561285543162187e-02
-3.613900444379150589e-02
-4.463311216254671476e-02
-3.255233972221101280e-02
-5.465656731802971680e-03
2.414057344675614100e-02
4.261853177570992107e-02
4.145028706490743592e-02
2.117437435608424123e-02
-8.862457852001315653e-03
-3.481389248449485996e-02
-4.471689063038993689e-02
-3.400638859156115273e-02
-7.619691548298383743e-03
2.227951521834043921e-02
4.190835692617207731e-02
4.221837053436104659e-02
2.306664660802312805e-02
-6.718292584680003038e-03
-3.340624709255603231e-02
-4.469465858870860092e-02
-3.537981838094271525e-02
-9.755662331898035111e-03
2.036563885505312047e-02
4.109882976907412028e-02
4.288636674576638830e-02
2.490423466959523421e-02
-4.558200234547046814e-03
-3.191940537847456211e-02
-4.456646874309172501e-02
-3.666937309492048630e-02
-1.186850532821002828e-02
1.840348159116468596e-02
4.019186945364924823e-02
4.345269207786298798e-02
2.668278216350891338e-02
-2.387301741087611510e-03
-3.035689220378419081e-02
-4.433262499371379284e-02
-3.787199558103371971e-02
-1.395321161198677558e-02
1.639769512065866741e-02
3.918962611430529958e-02
4.391600394094424126e-02
2.839807268018630995e-02
-2.107436619460414896e-04
-2.872241182464775611e-02
-4.399368171487647722e-02
-3.898483477739402014e-02
-1.600483896179390533e-02
1.435303456946057654e-02
3.809447577329188456e-02
4.427520395974413048e-02
3.004603977361546691e-02
1.966314028031178329e-03
-2.701983911017015114e-02
-4.355044244075183257e-02
-4.000525247171860671e-02
-1.801852357655899309e-02
1.227434722242582571e-02
3.690901470785217658e-02
4.452944057735704758e-02
3.162277660168452686e-02
4.138710169560556873e-03
-2.525321035621937854e-02
-4.300395796043985502e-02
-4.093082955574020576e-02
-1.998949160619467244e-02
1.016656103187163485e-02
3.563605329522939735e-02
4.467811107402791526e-02
3.312454518815934057e-02
6.301294654520092457e-03
-2.342671371657146021e-02
-4.235552382686127298e-02
-4.175937176020527719e-02
-2.191307046899799299e-02
8.034672934856185167e-03
3.427860935007782939e-02
4.472086299602177906e-02
3.454778528431071138e-02
8.448940635310722702e-03
-2.154467927403371300e-02
-4.160667728538128968e-02
-4.248891485683262831e-02
-2.378469992895109256e-02
5.883737006930127474e-03
3.283990097012851050e-02
4.465759499118811954e-02
3.588912280921365688e-02
1.057655667911189083e-02
-1.961156877510678367e-02
-4.075919362945834568e-02
-4.311772931491520550e-02
-2.559994290668442252e-02
3.718852480404757129e-03
3.132333890702771600e-02
4.448845704923645034e-02
3.714537784868821024e-02
1.267909883815138139e-02
-1.763196505250050339e-02
-3.981508199194832426e-02
-4.364432440153043907e-02
-2.735449599849351654e-02
1.545151655591731977e-03
2.973251848046174275e-02
4.421385014615487191e-02
3.831357219394398300e-02
1.475158260741717652e-02
-1.561056116058946036e-02
-3.877658058204276614e-02
-4.406745171562320706e-02
-2.904419967841825184e-02
-6.322122663666081841e-04
2.807121105470765723e-02
4.383442529361442769e-02
3.939093640202628865e-02
1.678909474143356478e-02
-1.355214924957718996e-02
-3.764615137914748694e-02
-4.438610814759604006e-02
-3.066504815926197197e-02
-2.808077400203938534e-03
2.634335509785208640e-02
4.335108199561495818e-02
4.037491636134231399e-02
1.878680490212615226e-02
-1.146160920472207197e-02
-3.642647429624359945e-02
-4.459953825738518368e-02
-3.221319888911881868e-02
-4.977285413836871585e-03
2.455304684484761052e-02
4.276496611602483705e-02
4.126317934671201726e-02
2.073997711011374423e-02
-9.343897077583828564e-03
-3.512044082661680555e-02
-4.470723606538450079e-02
-3.368498166093045199e-02
-7.134693757248304104e-03
2.270453058654799475e-02
4.207746716207858700e-02
4.205361954955980780e-02
2.264398097231799800e-02
-7.204033336677843902e-03
-3.373114718897872455e-02
-4.470894625197474603e-02
-3.507690731345371876e-02
-9.275187853943466995e-03
2.080218860776843204e-02
4.129021499026615943e-02
4.274436307017077247e-02
2.449430265924792613e-02
-5.047090965440315970e-03
-3.226188698725562798e-02
-4.460466476280981057e-02
-3.638567600303926203e-02
-1.139369322610165290e-02
1.885053079815972657e-02
4.040507594242468553e-02
4.333377236014791106e-02
2.628655560595809931e-02
-2.878183435683939317e-03
-3.071614340241879057e-02
-4.439463881842835996e-02
-3.760818502657697904e-02
-1.348518752465100411e-02
1.685418396061218529e-02
3.942414842119870699e-02
4.382045010455568046e-02
2.801649091129951655e-02
-7.024525850649603487e-04
-2.909758093489998171e-02
-4.407936632816812639e-02
-3.874153617708962077e-02
-1.554471243578615935e-02
1.481788084246904100e-02
3.834975791534119688e-02
4.420324253454042951e-02
2.968000741079990581e-02
1.474943572671370221e-03
-2.741003671714423509e-02
-4.365959470976885082e-02
-3.978304261451946072e-02
-1.756738543565249111e-02
1.274644891559316082e-02
3.718445148667735844e-02
4.448124216257311192e-02
3.127316139931277106e-02
3.648843075844862213e-03
-2.565751141690269035e-02
-4.313631911746695219e-02
-4.073023523543387037e-02
-1.954841136536719648e-02
1.064479893184614237e-02
3.593099173176505373e-02
4.465378993383625067e-02
3.279217598037650200e-02
5.814092252303055056e-03
-2.384415975283982886e-02
-4.251078008277928144e-02
-4.158086852654045706e-02
-2.148309379892592713e-02
8.517913281158910610e-03
3.459235023260705949e-02
4.472047678864590065e-02
3.423345002011077970e-02
7.965557937259759233e-03
-2.197428064492178146e-02
-4.178446057356916682e-02
-4.233292588813078461e-02
-2.336684617702049910e-02
6.370834179757842858e-03
3.317170051189988894e-02
4.468114463221127541e-02
3.559356668444950411e-02
1.009813964249909289e-02
-2.005230702294513376e-02
-4.095908247837223848e-02
-4.298462441484245111e-02
-2.519520268044031855e-02
4.208651716560278012e-03
3.167241050955672127e-02
4.453588670943146866e-02
3.686930153943571153e-02
1.220678164813813679e-02
-1.808279531737680759e-02
-4.003660252430331357e-02
-4.353441912240055278e-02
-2.696382881718946412e-02
2.036491786088156890e-03
3.009803459831756137e-02
4.428504738383869793e-02
3.805763019540433362e-02
1.428648498823200524e-02
-1.607041465741349678e-02
-3.901920763823773369e-02
-4.398100661031553033e-02
-2.866853169828858724e-02
-1.404960635153917219e-04
2.845230515738168472e-02
4.392922132121449691e-02
3.915573547690390926e-02
1.633231930184471034e-02
-1.401993580184477881e-02
-3.790930976225789090e-02
-4.432332815186369734e-02
-3.030526997787525573e-02
-2.317150838545339962e-03
2.673912372404932403e-02
4.346925207981324618e-02
4.016101410140218708e-02
1.833943452147764747e-02
-1.193621982900557911e-02
-3.670954013565076723e-02
-4.456057220401224428e-02
-3.187016343403105412e-02
-4.488312334917868122e-03
2.496255174431810664e-02
4.290623011053452257e-02
4.107108285088703625e-02
2.030307237113674820e-02
-9.824206612596206659e-03
-3.542274305701538506e-02
-4.469217633134835166e-02
-3.335950216765044829e-02
-6.648833371479004502e-03
2.312680094441291884e-02
4.224149017178960991e-02
4.188378422177367610e-02
2.221857764680115754e-02
-7.688903110701751989e-03
-3.405196914127683883e-02
-4.471782853944606534e-02
-3.476975539750561117e-02
-8.793591992462551285e-03
2.123622334601334496e-02
4.147660816518050630e-02
4.259719153970774330e-02
2.408140925253813430e-02
-5.535371495786737053e-03
-3.260046808758015890e-02
-4.463746801451461826e-02
-3.609757983068682258e-02
-1.091750361012074587e-02
1.929530094891573899e-02
4.061339739950627775e-02
4.320961352713659914e-02
2.588715096609030611e-02
-3.368717153765333171e-03
-3.107168097521389658e-02
-4.445128526756837034e-02
-3.733982758855557138e-02
-1.301553305877907983e-02
1.730863510552331508e-02
3.965390429194175226e-02
4.371959831283270259e-02
2.763152190843555858e-02
-1.194076580662849045e-03
-2.946923210583701422e-02
-4.415972168278207988e-02
-3.849355366943514600e-02
-1.508270653172827380e-02
1.528093561240818216e-02
3.860040351659741603e-02
4.412593687384742946e-02
2.931038669247579970e-02
9.833947945133655368e-04
-2.779692041132193758e-02
-4.376346847109861826e-02
-3.955602293034549133e-02
-1.711412337262829472e-02
1.321700954478528811e-02
3.745539261192706165e-02
4.442766590174570401e-02
3.091976522682772163e-02
3.158534831759764096e-03
-2.605871044761879154e-02
-4.326346503157641604e-02
-4.052471657120721577e-02
-1.910496769354268209e-02
1.112174986034602034e-02
3.622158605981223856e-02
4.462407008632793270e-02
3.245584215143649393e-02
5.326186917984853178e-03
-2.425872299596515055e-02
-4.266089672434684316e-02
-4.139733810616910009e-02
-2.105051979196375864e-02
9.000123799513450734e-03
3.490190885032716517e-02
4.471468381141670972e-02
3.391497588265279112e-02
7.481212191817260965e-03
-2.240122529373367657e-02
-4.195719206047969496e-02
-4.217181880790836501e-02
-2.294616733983487547e-02
6.857161109578458792e-03
3.349948954745322893e-02
4.469929225869550410e-02
3.529370724637115320e-02
9.618501726304637747e-03
-2.049062091807560965e-02
-4.115401931540556973e-02
-4.284632261196142516e-02
-2.478741631801483977e-02
4.697942120677968576e-03
3.201765287217993999e-02
4.457793191697923679e-02
3.658876767869313762e-02
1.173298864069717042e-02
-1.853143934633834020e-02
-4.025328257392868370e-02
-4.341925046949157707e-02
-2.656990167026679339e-02
2.527585701806196218e-03
3.045991182057201929e-02
4.435089049571012965e-02
3.779708697472836804e-02
1.381966011250166868e-02
-1.652832521802923699e-02
-3.925711721620552680e-02
-4.388924413816037290e-02
-2.828939765151831237e-02
3.512371255116274703e-04
2.882995933551045498e-02
4.401870624288289208e-02
3.891580056714143837e-02
1.587356926140472482e-02
-1.448602732374174376e-02
-3.816788485538798875e-02
-4.425518940211813773e-02
-2.994182784583600612e-02
-1.825944130025940236e-03
2.713165955179637837e-02
4.358216666902030301e-02
3.994225631719300340e-02
1.788984687686145589e-02
-1.240938734716887093e-02
-3.698816773894809257e-02
-4.451621871347985482e-02
-3.152327483042503820e-02
-3.998796612590734857e-03
2.536903863544577586e-02
4.304230668021851586e-02
4.087402080217560074e-02
1.986371296155218374e-02
-1.030332838691859314e-02
-3.572076262691851328e-02
-4.467171324902467072e-02
-3.302998946266259145e-02
-6.162169132206199440e-03
2.354627523883824972e-02
4.240040612468785886e-02
4.170888508434031361e-02
2.179048806334101321e-02
-8.172843285299873084e-03
-3.436867416161239197e-02
-4.472130437724125551e-02
-3.445839976820921913e-02
-8.310932973081436650e-03
2.166769059436927242e-02
4.165798675861476924e-02
4.244486994762665388e-02
2.366560436887150953e-02
-6.022982791771648754e-03
-3.293510774450349871e-02
-4.466487453224626814e-02
-3.580511940910558605e-02
-1.043999405227804579e-02
1.973773827008746054e-02
4.081680863852754637e-02
4.308023058980963577e-02
2.548461653250407369e-02
-3.858843589111112145e-03
-3.142346193716828717e-02
-4.450255749249646536e-02
-3.706695571176491649e-02
-1.254430499627267118e-02
1.776099361160317358e-02
3.987886594872329382e-02
4.361346075890123325e-02
2.724321221490163744e-02
-1.685556210687682525e-03
-2.983732040430251212e-02
-4.423473806363939498e-02
-3.824091723587570019e-02
-1.461887710679021096e-02
1.574214289529384317e-02
3.884638227364739516e-02
4.404329632403005540e-02
2.893722230631874670e-02
4.917271225178316716e-04
-2.818044341791315494e-02
-4.386205116625583461e-02
-3.932422086620835505e-02
-1.665879218751124477e-02
1.368597221854409192e-02
3.772180532643300971e-02
4.436871827232134746e-02
3.056263081033410572e-02
2.667844716283562789e-03
-2.645675894282672677e-02
-4.338538033064730931e-02
-4.031429841056073660e-02
-1.865921420368856637e-02
1.159735615331675303e-02
3.650780114609790405e-02
4.458895512467487415e-02
3.211558436457686433e-02
4.837637640025991073e-03
-2.467035332464323494e-02
-4.280585560224958730e-02
-4.120880268818155612e-02
-2.061540074693443692e-02
9.481246189975795977e-03
3.520724777715204118e-02
4.470348476471346783e-02
3.359240137591226749e-02
6.995961957076760052e-03
-2.282546160223734161e-02
-4.212485086262896666e-02
-4.200561309424104273e-02
-2.252271427807181134e-02
7.342658998782974900e-03
3.382322844661846128e-02
4.471203567656639732e-02
3.498958074840900767e-02
9.137700919438770247e-03
-2.092645746770993229e-02
-4.134398057241388258e-02
-4.270284062715725554e-02
-2.437663312136678639e-02
5.186664536853035669e-03
3.235902425459651760e-02
4.461458758855274542e-02
3.630381018340125832e-02
1.125777709808089590e-02
-1.897784289767089072e-02
-4.046509594389426090e-02
-4.329883236685956593e-02
-2.617276218408729968e-02
3.018374028786323469e-03
3.081810639575684879e-02
4.441137152124014637e-02
3.753197403196817383e-02
1.335116442001908071e-02
-1.698423748039952150e-02
-3.949028055233420875e-02
-4.379217539337385001e-02
-2.790684337595019868e-02
8.429278494684087431e-04
2.920412793016351899e-02
4.410286923976418361e-02
3.867116068121772415e-02
1.541290008364743294e-02
-1.495036746414108234e-02
-3.842184539643902358e-02
-4.418170013643311911e-02
-2.957476570381790612e-02
-1.334516662236994410e-03
2.752091512295006676e-02
4.368981211170368251e-02
3.971866945684839056e-02
1.743809632407164467e-02
-1.288105455258941635e-02
-3.726232341965969586e-02
-4.446648314818923975e-02
-3.117257501763283367e-02
-3.508797430011676571e-03
2.577245837337760470e-02
4.317317937322625448e-02
4.067201702566445448e-02
1.942195200055713347e-02
-1.078120447405046291e-02
-3.601446350533380608e-02
-4.464584929242961658e-02
-3.269648338452606912e-02
-5.674759877837679857e-03
2.396290275477950746e-02
4.255419580760887860e-02
4.152894328281292458e-02
2.135976397859394582e-02
-8.655795351412752178e-03
-3.468122395989697848e-02
-4.471937334512647577e-02
-3.414287806890722865e-02
-7.827269149976064100e-03
2.209653818781967191e-02
4.183432884163936633e-02
4.228741670982586603e-02
2.324693827966414425e-02
-6.509865900486739958e-03
-3.326576549961409585e-02
-4.468688100251722028e-02
-3.550833009717586919e-02
-9.961222284169657035e-03
2.017778927036062084e-02
4.101528506678184943e-02
4.294563919074919495e-02
2.507900097219043639e-02
-4.348503484721388118e-03
-3.177144375745672572e-02
-4.454844929432658779e-02
-3.678960238680664685e-02
-1.207156030928602068e-02
1.821120478804255649e-02
4.009900619335364513e-02
4.350205027494336019e-02
2.685160877789117759e-02
-2.176832054541447386e-03
-3.020180132788701302e-02
-4.430440640115346912e-02
-3.798365742051360711e-02
-1.415328023862018336e-02
1.620144693049618487e-02
3.908766444730246009e-02
4.395533087644983017e-02
2.856055936843301599e-02
