3.162277660168379134e-02
4.401870624288310024e-02
4.193282622586655406e-02
3.852926538158232134e-02
3.391497588265038332e-02
2.823495536818657059e-02
2.166769059436806158e-02
1.441954873600533558e-02
6.718292584679313485e-03
-1.194076580664003937e-03
-9.068923547809781480e-03
-1.665879218751017618e-02
-2.372518141867552971e-02
-3.004603977361409647e-02
-3.542274305701609977e-02
-3.968633583543935972e-02
-4.270284062715766493e-02
-4.437746795845419479e-02
-4.465759499118821668e-02
-4.353441912240028910e-02
-4.104323459388513340e-02
-3.726232341966032729e-02
-3.231049548239495889e-02
-2.634335509785151394e-02
-1.954841136536845242e-02
-1.213918595482858971e-02
-4.348503484725066599e-03
3.578824668125117712e-03
1.139369322609987308e-02
1.885053079816080557e-02
2.571501661976341099e-02
3.177144375745528937e-02
3.682949739968291447e-02
4.073023523543312097e-02
4.335108199561524267e-02
4.460968121065826686e-02
4.446648314818919118e-02
4.292598760844568151e-02
4.003660252430300132e-02
3.588912280921294912e-02
3.061387725314596020e-02
2.437663312136853846e-02
1.737338714835215403e-02
9.824206612595531851e-03
1.966314028030003054e-03
-5.953367244022627833e-03
-1.368597221854939670e-02
-2.098851452337279627e-02
-2.763152190843409794e-02
-3.340624709255680946e-02
-3.813122735684686820e-02
-4.165798675861585865e-02
-4.387570178167475576e-02
-4.471468381141672360e-02
-4.414856900274678753e-02
-4.219514672729946653e-02
-3.891580056714120245e-02
-3.441357942095435440e-02
-2.882995933551182194e-02
-2.234039781739106251e-02
-1.514882032450748373e-02
-7.481212191814324078e-03
4.214826439973761384e-04
8.310932973082137479e-03
1.593922377582477831e-02
2.306664660802311417e-02
2.946923210583742708e-02
3.494578791199658141e-02
3.932422086620746687e-02
4.246694479371133923e-02
4.427520395974413742e-02
4.469217633134823370e-02
4.370475913084290870e-02
4.134398057241556179e-02
3.768402484358334553e-02
3.283990097012846887e-02
2.696382881718908942e-02
2.024045579140219125e-02
1.288105455259114067e-02
5.116884063848910896e-03
-2.808077400201415812e-03
-1.064479893184662809e-02
-1.814702244070022161e-02
-2.507900097218687327e-02
-3.122290672818053142e-02
-3.638567600303928978e-02
-4.040507594242488676e-02
-4.315480248543961117e-02
-4.454844929432678902e-02
-4.454222295363288037e-02
-4.313631911746695219e-02
-4.037491636134210582e-02
-3.634478793179580364e-02
-3.117257501762929831e-02
-2.502080722643066496e-02
-1.808279531737902457e-02
-1.057655667911145368e-02
-2.737964436068624635e-03
5.186664536855364535e-03
1.294830978001902146e-02
2.030307237113455204e-02
2.701983911017047379e-02
3.288754493068998808e-02
3.772180532643296114e-02
4.137071037834959969e-02
4.371959831283270259e-02
4.469465858870862174e-02
4.426525129098492911e-02
4.244486994762589754e-02
3.929071751417625297e-02
3.490190885032717211e-02
2.941635617310279713e-02
2.300643535697499339e-02
1.587356926140488789e-02
8.241898297224310374e-03
3.512371255142240261e-04
-7.550461185062555189e-03
-1.521489673908176313e-02
-2.240122529373129306e-02
-2.888362645465209280e-02
-3.445839976820925382e-02
-3.895036572534534003e-02
-4.221837053436080373e-02
-4.415972168278203824e-02
-4.471341490694474841e-02
-4.386205116625632727e-02
-4.163238338388233067e-02
-3.809447577329087842e-02
-3.335950216765054543e-02
-2.757625253652274538e-02
-2.092645746770995657e-02
-1.361907753592338753e-02
-5.883737006930637482e-03
2.036491786090510042e-03
9.892726653041448298e-03
1.743809632407406982e-02
2.443549803638820142e-02
3.066504815926156258e-02
3.593099173176643457e-02
4.006785379055134017e-02
4.294563919074920189e-02
4.447391752286638383e-02
4.460466476280985915e-02
4.333377236014798045e-02
4.070117634360167352e-02
3.678960238680562683e-02
3.172196626890524951e-02
2.565751141690321771e-02
1.878680490212630144e-02
1.132574913467057805e-02
3.508797430012479315e-03
-4.418413360817942739e-03
-1.220678164813747066e-02
-1.961156877510902841e-02
-2.640008959013630946e-02
-3.235902425459768333e-02
-3.730112152251192220e-02
-4.107108285088674482e-02
-4.355044244075181176e-02
-4.466128986036377313e-02
-4.436871827232145848e-02
-4.268192133245166109e-02
-3.965390429194320943e-02
-3.537981838094279852e-02
-2.999397081329499212e-02
-2.366560436887445856e-02
-1.659357917427556339e-02
-9.000123799514099521e-03
-1.123852033847267708e-03
6.787735221162203604e-03
1.448602732374577526e-02
2.172911613607267367e-02
2.828939765151579355e-02
3.396072413446091232e-02
3.856488202659687919e-02
4.195719206048027783e-02
4.403105560458292489e-02
4.472130437724125551e-02
4.400624826940138096e-02
4.190835692617250752e-02
3.849355366943560397e-02
3.386914394900813335e-02
2.818044341791167695e-02
2.160621158979100440e-02
1.435303456946179258e-02
6.648833371477117990e-03
-1.264298181215576036e-03
-9.137700919438105848e-03
-1.672396409683079080e-02
-2.378469992894996846e-02
-3.009803459831705830e-02
-3.546558033099217466e-02
-3.971866945684688482e-02
-4.272365455684942054e-02
-4.438610814759618578e-02
-4.465378993383628536e-02
-4.351828838719722786e-02
-4.101528506678216168e-02
-3.722343337572983635e-02
-3.226188698725660636e-02
-2.628655560595666643e-02
-1.948520572186593358e-02
-1.207156030928524006e-02
-4.278582879132034923e-03
3.648843075843409816e-03
1.146160920472374598e-02
1.891421018238459081e-02
2.577245837337641468e-02
3.182084285312611338e-02
3.686930153943630134e-02
4.075919362945799873e-02
4.336828466659715248e-02
4.461458758855281481e-02
4.445893905688513142e-02
4.290623011053486258e-02
4.000525247171787119e-02
3.584716533381648168e-02
3.056263081033152793e-02
2.431770805942985378e-02
1.730863510552448775e-02
9.755662331896472125e-03
1.896131418285018069e-03
-6.022982791772908163e-03
-1.375283313239928848e-02
-2.105051979196259637e-02
-2.768672310231178740e-02
-3.345290959086918980e-02
-3.816788485538994552e-02
-4.168348734640821979e-02
-4.388924413816060188e-02
-4.471584238685134133e-02
-4.413730739050619745e-02
-4.217181880790797643e-02
-3.888113938806765646e-02
-3.436867416161329403e-02
-2.877622108131278403e-02
-2.227951521834001594e-02
-1.508270653172480782e-02
-7.411944739418693980e-03
4.917271225138437592e-04
8.379947142539020954e-03
1.600483896179432514e-02
2.312680094441385906e-02
2.952203532617128645e-02
3.498958074840808480e-02
3.935762718963286416e-02
4.248891485683196217e-02
4.428504738383883671e-02
4.468958380048547452e-02
4.368981211170449436e-02
4.131714875431934109e-02
3.764615137914865961e-02
3.279217598037581505e-02
2.690775199364024359e-02
2.017778927035720690e-02
1.281376754244177227e-02
5.047090965439683663e-03
-2.878183435682364188e-03
-1.071301491959875986e-02
-1.821120478804749004e-02
-2.513713283800108472e-02
-3.127316139931319433e-02
-3.642647429624413374e-02
-4.043513582799940220e-02
-4.317317937322706634e-02
-4.455456571615048350e-02
-4.453588670943164907e-02
-4.311772931491497651e-02
-4.034465715916671358e-02
-3.630381018340093913e-02
-3.112216639184798087e-02
-2.496255174431979626e-02
-1.801852357655822981e-02
-1.050828832977398174e-02
-2.667844716280523120e-03
5.256432212282663788e-03
1.301553305877952045e-02
2.036563885505410579e-02
2.707578273438494831e-02
3.293510774450381096e-02
3.775949273447763016e-02
4.139733810616830212e-02
4.373432962105971988e-02
4.469703056644189210e-02
4.425518940211843610e-02
4.242269037304313012e-02
3.925711721620535333e-02
3.485794367166712704e-02
2.936340765843386755e-02
2.294616733983455975e-02
1.580787558053063993e-02
8.172843285301737912e-03
2.809907403883005867e-04
-7.619691548298069758e-03
-1.528093561241088139e-02
-2.246199749727515599e-02
-2.893722230631532930e-02
-3.450313509278803148e-02
-3.898483477739399933e-02
-4.224149017178969318e-02
-4.417076540309386457e-02
-4.471203567656633487e-02
-4.384829232558686007e-02
-4.160667728538131743e-02
-3.805763019540286951e-02
-3.331267493148885872e-02
-2.752091512294941103e-02
-2.086434877809354924e-02
-1.355214924957731486e-02
-5.814092252302860767e-03
2.106664519310015842e-03
9.961222284167948332e-03
1.750276247302677210e-02
2.449430265924565364e-02
3.071614340241890159e-02
3.597277199816965865e-02
4.009900619335356881e-02
4.296518480895712699e-02
4.448124216257309110e-02
4.459953825738514899e-02
4.331635580290506271e-02
4.067201702566348304e-02
3.674961659924173146e-02
3.167241050955690862e-02
2.559994290668411027e-02
1.872303265151838148e-02
1.125777709808115264e-02
3.438761534290863103e-03
-4.488312334915033584e-03
-1.227434722242615357e-02
-1.967467779525281998e-02
-2.645675894282442653e-02
-3.240747318412489503e-02
-3.733982758855414891e-02
-4.109882976907423824e-02
-4.356635830271582410e-02
-4.466487453224624732e-02
-4.435985911078691585e-02
-4.266089672434763419e-02
-3.962137490638015930e-02
-3.533680640868464701e-02
-2.994182784583441365e-02
-2.360596892654690665e-02
-1.652832521803406993e-02
-8.931301844307707946e-03
-1.053624714037307546e-03
6.857161109583049738e-03
1.455247016865380758e-02
2.179048806334336896e-02
2.834377013356844180e-02
3.400638859156063232e-02
3.860040351659844993e-02
4.198145436989344365e-02
4.404329632403007622e-02
4.472113885911378761e-02
4.399368171487662987e-02
4.188378422177374549e-02
3.845774697827170074e-02
3.382322844662008499e-02
2.812586193519394859e-02
2.154467927403450056e-02
1.428648498823254474e-02
6.579357752939696789e-03
-1.334516662237016744e-03
-9.206455744697850802e-03
-1.678909474143269048e-02
-2.384415975284146297e-02
-3.014995515911150087e-02
-3.550833009717430794e-02
-3.975090507638590759e-02
-4.274436307017066838e-02
-4.439463881842866527e-02
-4.464987469769661488e-02
-4.350205027494358917e-02
-4.098723433854041531e-02
-3.718445148667793437e-02
-3.221319888911930440e-02
-2.622969125459896286e-02
-1.942195200055576998e-02
-1.200390487836659574e-02
-4.208651716560714295e-03
3.718852480404647842e-03
1.152949690296627139e-02
1.897784289767451629e-02
2.582983653601005417e-02
3.187016343403027696e-02
3.690901470785352273e-02
4.078805145422437217e-02
4.338538033064765626e-02
4.461938388438747155e-02
4.445128526756843279e-02
4.288636674576644381e-02
3.997380371014903205e-02
3.580511940910285906e-02
3.051130895726390790e-02
2.425872299596402298e-02
1.724384035536030008e-02
9.687093980070275723e-03
1.825944130024604716e-03
-6.092583478411640538e-03
-1.381966011250108407e-02
-2.111247312048738362e-02
-2.774185598195309452e-02
-3.349948954745282648e-02
-3.820444817847088587e-02
-4.170888508433892583e-02
-4.390267820229944856e-02
-4.471689063038994383e-02
-4.412593687384722130e-02
-4.214838683374580453e-02
-3.884638227364774210e-02
-3.432368410098511624e-02
-2.872241182464854714e-02
-2.221857764679955813e-02
-1.501655552386316553e-02
-7.342658998786217098e-03
5.619703877427560494e-04
8.448940635309043490e-03
1.607041465741457578e-02
2.318689821772217108e-02
2.957476570381731285e-02
3.503328725150744311e-02
3.939093640202575436e-02
4.251078008277902470e-02
4.429478153898136483e-02
4.468688100251715783e-02
4.367475729229784026e-02
4.129021499026586800e-02
3.760818502657743700e-02
3.274437007918865744e-02
2.685160877788854775e-02
2.011507296262329825e-02
1.274644891559431441e-02
4.977285413835217526e-03
-2.948282369531876872e-03
-1.078120447405176048e-02
-1.827534220105697313e-02
-2.519520268043876077e-02
-3.132333890702887480e-02
-3.646718271074479018e-02
-4.046509594389562092e-02
-4.319144973548610933e-02
-4.456057220401234836e-02
-4.452944057735713085e-02
-4.309903312365188921e-02
-4.031429841056020230e-02
-3.626274285896376182e-02
-3.107168097521531211e-02
-2.490423466959395746e-02
-1.795420737682139334e-02
-1.043999405227996266e-02
-2.597718413850944562e-03
5.326186917986005902e-03
1.308272422300618340e-02
2.042815508878455602e-02
2.713165955179730124e-02
3.298258929421315350e-02
3.779708697472761170e-02
4.142386369017046766e-02
4.374895301917582774e-02
4.469929225869544165e-02
4.424501831797137547e-02
4.240040612468912867e-02
3.922342005520007557e-02
3.481389248449599100e-02
2.931038669247498438e-02
2.288584270530722928e-02
1.574214289529525870e-02
8.103768107701107490e-03
2.107436619459754888e-04
-7.688903110702765935e-03
-1.534693678155040451e-02
-2.252271427807266135e-02
-2.899074675825885281e-02
-3.454778528431112772e-02
-3.901920763823821942e-02
-4.226450558254069706e-02
-4.418170013643296645e-02
-4.471054612368457332e-02
-4.383442529361493423e-02
-4.158086852654011706e-02
-3.802069071409546613e-02
-3.326576549961349910e-02
-2.746550980425390559e-02
-2.080218860777017717e-02
-1.348518752465014715e-02
-5.744433151979467383e-03
2.176832054544555143e-03
1.002969333696790248e-02
1.756738543565238703e-02
2.455304684484620192e-02
3.076716285654602923e-02
3.601446350533373669e-02
4.013005965584406920e-02
4.298462441484258295e-02
4.448845704923652666e-02
4.459430170703328894e-02
4.329883236686007941e-02
4.064275735356644159e-02
3.670954013565196766e-02
3.162277660168398563e-02
2.554231123115095065e-02
1.865921420368874678e-02
1.118977728404583864e-02
3.368717153767474253e-03
-4.558200234547765857e-03
-1.234188251098352652e-02
-1.973773827008552806e-02
-2.651336301608984980e-02
-3.245584215143323265e-02
-3.737844152228347872e-02
-4.112647527998467001e-02
-4.358216666902152425e-02
-4.466834899799082548e-02
-4.435089049570976188e-02
-4.263976685472163630e-02
-3.958874775901295717e-02
-3.529370724636941153e-02
-2.988961099989005318e-02
-2.354627523883748297e-02
-1.646303047979328152e-02
-8.862457852002002603e-03
-9.833947945131029430e-04
6.926570078640663375e-03
1.461887710678801654e-02
2.185180622475075760e-02
2.839807268018622669e-02
3.405196914127697760e-02
3.863582976394198260e-02
4.200561309424132722e-02
4.405542837102162379e-02
4.472086299602178600e-02
4.398100661031549563e-02
4.185910817330108086e-02
3.842184539644026564e-02
3.377722948877810716e-02
2.807121105470780989e-02
2.148309379892358179e-02
1.421990015652086284e-02
6.509865900491055082e-03
-1.404731850471253743e-03
-9.275187853943231073e-03
-1.685418396061226856e-02
-2.390356074363931410e-02
-3.020180132788823774e-02
-3.555099225008170882e-02
-3.978304261451817009e-02
-4.276496611602485093e-02
-4.440305994990294963e-02
-4.464584929242963046e-02
-4.348570482570531665e-02
-4.095908247837236338e-02
-3.714537784868821024e-02
-3.216443130811572765e-02
-2.617276218408550251e-02
-1.935865035750944027e-02
-1.193621982900593646e-02
-4.138710169559967934e-03
3.788852709066754636e-03
1.159735615332130147e-02
1.904142878702392086e-02
2.588715096609048305e-02
3.191940537847449966e-02
3.694863680694542712e-02
4.081680863852842067e-02
4.340236894558508612e-02
4.462407008632790495e-02
4.444352179912414158e-02
4.286639756315128308e-02
3.994225631719320463e-02
3.576298513881657343e-02
3.045991182057378177e-02
2.419967807651042177e-02
1.717900305773478395e-02
9.618501726302648019e-03
1.755752336428244601e-03
-6.162169132205656472e-03
-1.388645299396502365e-02
-2.117437435608347102e-02
-2.779692041132151084e-02
-3.354598684737587072e-02
-3.824091723587440261e-02
-4.173417990974230551e-02
-4.391600394094406778e-02
-4.471782853944609309e-02
-4.411445748082539614e-02
-4.212485086262917483e-02
-3.881152930964116426e-02
-3.427860935007844695e-02
-2.866853169828907297e-02
-2.215758525312772065e-02
-1.495036746414351962e-02
-7.273355140872576202e-03
6.322122663656004182e-04
8.517913281158244476e-03
1.613595070088447506e-02
2.324693827966407139e-02
2.962742310866915349e-02
3.507690731345306651e-02
3.942414842119865842e-02
4.253254041760201609e-02
4.430440640115367035e-02
4.468406794411215049e-02
4.365959470976894796e-02
4.126317934671133725e-02
3.757012587954869365e-02
3.269648338452335601e-02
2.679539930846118120e-02
2.005230702294615378e-02
1.267909883815154966e-02
4.907467581273768260e-03
-3.018374028787722523e-03
-1.084936742695413910e-02
-1.833943452147714440e-02
-2.525321035621866383e-02
-3.137343912751910935e-02
-3.650780114609721017e-02
-4.049495621619025876e-02
-4.320961352713628689e-02
-4.456646874309191930e-02
-4.452288457331454036e-02
-4.308023058980928188e-02
-4.028384019043001335e-02
-3.622158605981261326e-02
-3.102111889229767008e-02
-2.484585614614472776e-02
-1.788984687686261815e-02
-1.037167401513812079e-02
-2.527585701810046003e-03
5.395928481852589435e-03
1.314988310691134372e-02
2.049062091807218183e-02
2.718746942453653323e-02
3.302998946266210573e-02
3.783458795442277978e-02
4.145028706490680448e-02
4.376346847109938154e-02
4.470144365988876906e-02
4.423473806363988764e-02
4.237801725754782034e-02
3.918962611430490406e-02
3.476975539750608996e-02
2.925729340605084244e-02
2.282546160223803550e-02
1.567637136788686478e-02
8.034672934857305798e-03
1.404960635142962170e-04
-7.758095701502429505e-03
-1.541290008364901848e-02
-2.258337548631187894e-02
-2.904419967841687100e-02
-3.459235023260813502e-02
-3.905348422306636341e-02
-4.228741670982556766e-02
-4.419252585581891213e-02
-4.470894625197478073e-02
-4.382045010455598577e-02
-4.155495717103947773e-02
-3.798365742051325322e-02
-3.321877398776841572e-02
-2.741003671714373202e-02
-2.073997711011458037e-02
-1.341819252636328522e-02
-5.674759877839571573e-03
2.246994218662074980e-03
1.009813964249781267e-02
1.763196505250193627e-02
2.461173044824440520e-02
3.081810639575727553e-02
3.605606615038940005e-02
4.016101410140159034e-02
4.300395796044027136e-02
4.449556216505467371e-02
4.458895512467501987e-02
4.328120209525052053e-02
4.061339739950579897e-02
3.666937309492110386e-02
3.157306466775332970e-02
2.548461653250366082e-02
1.859534971610262918e-02
1.112174986034742026e-02
3.298664461269065675e-03
-4.628076887274536026e-03
-1.240938734717236640e-02
-1.980075004401084249e-02
-2.656990167026763994e-02
-3.250413103717762070e-02
-3.741696322842455458e-02
-4.115401931540572933e-02
-4.359786750066320382e-02
-4.467171324902459439e-02
-4.434181244921905907e-02
-4.261853177570990719e-02
-3.955602293034620603e-02
-3.525052100033999186e-02
-2.983732040430179047e-02
-2.348652345303485142e-02
-1.639769512066044030e-02
-8.793591992462228626e-03
-9.131624485606347312e-04
6.995961957075158034e-03
1.468524797429648400e-02
2.191307046899795483e-02
2.845230515738239596e-02
3.409746567114448068e-02
3.867116068121560085e-02
4.202966817391443066e-02
4.406745171562330421e-02
4.472047678864589371e-02
4.396822298699257225e-02
4.183432884163997001e-02
3.838584901252454357e-02
3.373114718898006376e-02
2.801649091129886776e-02
2.142145531641428957e-02
1.415328023862031000e-02
6.440357985595429775e-03
-1.474943572669289854e-03
-9.343897077584600516e-03
-1.691923159376834684e-02
-2.396290275477721415e-02
-3.025357297672294152e-02
-3.559356668444937921e-02
-3.981508199194749853e-02
-4.278546364357665999e-02
-4.441137152124071535e-02
-4.464171372796763709e-02
-4.346925207981301026e-02
-4.093082955573992820e-02
-3.710621255817152242e-02
-3.211558436457528920e-02
-2.611576853488311450e-02
-1.929530094891830985e-02
-1.186850532820939337e-02
-4.068758410703296469e-03
3.858843589110806400e-03
1.166518678835288571e-02
1.910496769354121452e-02
2.594440152219823839e-02
3.196856856495941535e-02
3.698816773895004240e-02
4.084546511141461111e-02
4.341925046949179218e-02
4.462864618281141282e-02
4.443564867070780300e-02
4.284632261196155006e-02
3.991061037069047052e-02
3.572076262692031046e-02
3.040843952708010417e-02
2.414057344675732061e-02
1.711412337262635183e-02
9.549885739838157028e-03
1.685556210688163910e-03
-6.231739581460530794e-03
-1.395321161198660904e-02
-2.123622334601515949e-02
-2.785191625455251882e-02
-3.359240137591108094e-02
-3.827729193761539306e-02
-4.175937176020520780e-02
-4.392922132121463569e-02
-4.471865611170559168e-02
-4.410286923976491913e-02
-4.210121095262991942e-02
-3.877658058204416780e-02
-3.423345002011032173e-02
-2.861458083517700451e-02
-2.209653818781799617e-02
-1.488414251587892589e-02
-7.204033336678146611e-03
7.024525850668884939e-04
8.586864909903164575e-03
1.620144693050063617e-02
2.330692098209613539e-02
2.968000741079964214e-02
3.512044082661717331e-02
3.945726316520408589e-02
4.255419580760955167e-02
4.431392194660726397e-02
4.468114463221139337e-02
4.364432440153032111e-02
4.123604189036361028e-02
3.753197403196839588e-02
3.264851601453511859e-02
2.673912372404967791e-02
1.998949160619420060e-02
1.261171747629218423e-02
4.837637640025162743e-03
-3.088458240505065604e-03
-1.091750361012027923e-02
-1.840348159116396431e-02
-2.531115572221237162e-02
-3.142346193716794717e-02
-3.654832950207907716e-02
-4.052471657120591125e-02
-4.322767070336075435e-02
-4.457225531884002889e-02
-4.451621871348015319e-02
-4.306132175977982202e-02
-4.025328257392894044e-02
-3.618033988749890656e-02
-3.097048026785288038e-02
-2.478741631801531509e-02
-1.782544223548447951e-02
-1.030332838692042674e-02
-2.457446753201419486e-03
5.465656731802668103e-03
1.321700954478713039e-02
2.055303618878960223e-02
2.724321221489708206e-02
3.307730813289462557e-02
3.787199558103285929e-02
4.147660816518025650e-02
4.377787594101475999e-02
4.470348476471352334e-02
4.422434866448946011e-02
4.235552382686180728e-02
3.915573547690302109e-02
3.472553251960111553e-02
2.920412793016408451e-02
2.276502417961134839e-02
1.561056116058986976e-02
7.965557937257991550e-03
7.024811842191098544e-05
-7.827269149974034473e-03
-1.547882535594882411e-02
-2.264398097231758167e-02
-2.909758093490034253e-02
-3.463682982771965069e-02
-3.908766444730407685e-02
-4.231022349711337227e-02
-4.420324253454015889e-02
-4.470723606538452161e-02
-4.380636679289259816e-02
-4.152894328281265396e-02
-3.794653040603218619e-02
-3.317170051190112406e-02
-2.735449599849220509e-02
-2.067771443862716912e-02
-1.335116442002083625e-02
-5.605072601793156112e-03
2.317150838544727604e-03
1.016656103187073973e-02
1.769650116422986919e-02
2.467035332464484129e-02
3.086897389435452888e-02
3.609757983068643400e-02
4.019186945364938007e-02
4.302318539804658726e-02
4.450255749249640291e-02
4.458349852350239340e-02
4.326346503157756096e-02
4.058393723592459978e-02
3.662911557615732006e-02
3.152327483042463574e-02
2.542685895309843014e-02
1.853143934633902021e-02
1.105369499483741663e-02
3.228603629644008401e-03
-4.697942120682284568e-03
-1.247686156443089840e-02
-1.986371296155375540e-02
-2.662637476585378443e-02
-3.255233972220981237e-02
-3.745539261192801922e-02
-4.118146180737513457e-02
-4.361346075890105284e-02
-4.467496727704663162e-02
-4.433262499371402876e-02
-4.259719153970722288e-02
-3.952320050112471950e-02
-3.520724777715493470e-02
-2.978495618809194265e-02
-2.342671371657086346e-02
-1.633231930184670874e-02
-8.724704435608358205e-03
-8.429278494693285802e-04
7.065336573668345652e-03
1.475158260741539669e-02
2.197428064492319699e-02
2.850646743134345809e-02
3.414287806890495963e-02
3.870639618124507159e-02
4.205361954955914860e-02
4.407936632816838313e-02
4.471998023793906374e-02
4.395533087645018405e-02
4.180944628793084594e-02
3.834975791534155076e-02
3.368498166092944585e-02
2.796170163998314834e-02
2.135976397859344275e-02
1.408662539890770393e-02
6.370834179757321573e-03
-1.545151655589410049e-03
-9.412583246088160674e-03
-1.698423748040236297e-02
-2.402218563983411076e-02
-3.030526997787374305e-02
-3.563605329523026471e-02
-3.984702312961962978e-02
-4.280585560224972608e-02
-4.441957351193421416e-02
-4.463746801451474316e-02
-4.345269207786264798e-02
-4.090247564035411759e-02
-3.706695571176324422e-02
-3.206665817902248916e-02
-2.605871044761743499e-02
-1.923190393108903037e-02
-1.180076154305515455e-02
-3.998796612589077329e-03
3.928824947843165098e-03
1.173298864069505579e-02
1.916845946044874738e-02
2.600158806307429488e-02
3.201765287217840650e-02
3.702760740632585895e-02
4.087402080217571870e-02
4.343602486071384411e-02
4.463311216254667313e-02
4.442766590174566932e-02
4.282614194172961603e-02
3.987886594872432772e-02
3.567845197759201420e-02
3.035689220378377101e-02
2.408140925253790879e-02
1.704920146011917187e-02
9.481246189979308792e-03
1.615355926004419154e-03
-6.301294654518096658e-03
-1.401993580184619434e-02
-2.129801993767788809e-02
-2.790684337594933825e-02
-3.363873301853480269e-02
-3.831357219394357361e-02
-4.178446057356922927e-02
-4.394233031049823990e-02
-4.471937334512647577e-02
-4.409117217925892507e-02
-4.207746716207842741e-02
-3.874153617708955832e-02
-3.418820622250814956e-02
-2.856055936843071921e-02
-2.203543660149518552e-02
-1.481788084247106715e-02
-7.134693757248217368e-03
7.726911705375224095e-04
8.655795351413139022e-03
1.626690318465585233e-02
2.336684617701863254e-02
2.973251848046272808e-02
3.516388768358397893e-02
3.949028055233556878e-02
4.257574619936931731e-02
4.432332815186356550e-02
4.467811107402791526e-02
4.362894640525991768e-02
4.120880268818192388e-02
3.749372957797379724e-02
3.260046808757998543e-02
2.668278216350894808e-02
1.992662686735994018e-02
1.254430499627485866e-02
4.767795762384681446e-03
-3.158534831759982672e-03
-1.098561285543277026e-02
-1.846748325209113598e-02
-2.536903863544595628e-02
-3.147340721254816148e-02
-3.658876767869178454e-02
-4.055437693551215000e-02
-4.324562121960490169e-02
-4.457793191697904250e-02
-4.450944301430125039e-02
-4.304230668021986894e-02
-4.022262563645457450e-02
-3.613900444379349042e-02
-3.091976522682854389e-02
-2.472891532940070525e-02
-1.776099361160076232e-02
-1.023495733626725301e-02
-2.387301741088486244e-03
5.535371495786823789e-03
1.328410337100512095e-02
2.061540074693447855e-02
2.729888778534066487e-02
3.312454518815872301e-02
3.790930976225926480e-02
4.150282692604637114e-02
4.379217539337333653e-02
4.470541556813346223e-02
4.421385014615483028e-02
4.233292588813078461e-02
3.912174822661589751e-02
3.468122395989620826e-02
2.915089039599379206e-02
2.270453058655105133e-02
1.554471243578620099e-02
7.896423285436300968e-03
