5.000000000000000000e+00
1.398315795150002483e+00
1.098191570135129691e+00
2.086420949343244846e+00
-2.317065591403811187e+00
-9.736770780441849071e-01
9.673945323795726803e-02
-1.829378183543289627e+00
1.206662487008766771e+00
1.570556732192217586e+00
2.814011549516442501e-01
1.508821018639981748e+00
2.350553994489756882e-02
-1.167429891958520205e+00
-1.230239661924643180e+00
-1.725709392719155133e+00
-1.513139655350987267e+00
-1.651400787358492384e+00
-5.356263821735635089e-01
-7.308508792342164329e-01
-1.621656966613580275e+00
1.966338650957167311e-01
-1.238842741305595130e+00
-1.438040753327086474e+00
1.398079034091722406e+00
-8.287227234178576873e-01
2.160535949439070791e-01
2.279812426943539805e+00
-1.486183633874250010e+00
1.260763198551206332e-01
6.724742162375723087e-01
-2.663060005569541033e+00
9.110014787431861549e-01
1.340001040290768275e+00
2.722213668875761439e-02
4.055242320740021889e+00
2.665720443821051333e+00
1.150429251053040280e+00
2.606369621262834890e+00
-5.858070812673642491e-01
-1.466112759177273572e+00
-5.165170974925132885e-01
-1.580392132489363943e+00
-1.818136529109097843e-01
1.105960379497302304e+00
1.482765069614082387e+00
1.615681788324888846e+00
8.758075180873193810e-01
4.684454186470163317e-01
-1.733516948792722223e+00
-2.260073510670099761e+00
-1.469526759359762735e+00
-3.282951275804447455e+00
-1.109816971763261328e+00
2.794600562221466467e-01
-1.814268378174359375e+00
1.090669676768923013e+00
3.700412463622465009e-01
-2.230947113537926629e+00
1.019063941566686005e+00
-9.491413250760414311e-01
-1.901867794092023001e+00
1.807149469255941776e+00
-8.486228601635537050e-01
-4.832825126557158124e-01
1.901634938714662937e+00
-1.286146520053521369e+00
1.171728596020403801e-01
1.541731907402146939e+00
-2.687907132801242716e-01
2.098141323817866777e+00
2.610371677158869197e+00
1.476731044933194958e+00
2.176782703882502723e+00
9.188805968053457285e-01
-2.758342744731471230e-01
-9.652571077212757089e-01
-1.071726302324046198e+00
-4.657502995385908173e-01
-5.179905684252096298e-01
1.643580010889223786e+00
1.937526784299106630e+00
5.598954074822407589e-01
2.093112376621341753e+00
-6.365000661188696673e-01
-2.786128427901616078e+00
-8.593997299377996724e-01
-3.818099554260419026e+00
-2.946007300764116099e+00
5.457503406714262484e-01
-1.892708149288490516e+00
6.220463881972638776e-01
2.190692066152007733e+00
-1.583799645881440288e+00
4.932040745762984457e-01
-2.032056353185034414e-01
-3.040285214498914090e+00
-1.921844177462350700e-02
-6.658698037319982221e-01
-1.191026167689712256e+00
1.618033988749890906e+00
5.134542646780121400e-01
5.007738203570361035e-01
1.513641926126957138e+00
5.736011397897441411e-01
9.232741775704526033e-01
1.201093474373278625e+00
1.598794176405449852e+00
1.391543156537295989e+00
8.614242570237933272e-01
1.510644357539926208e+00
-5.048951823937063432e-01
-7.737650358375443016e-01
6.397767353080654473e-01
-1.532158725793989706e+00
5.456149952473892117e-01
2.299376683227053686e+00
-3.456130750622756764e-01
2.178164344248471718e+00
1.219842177941289130e+00
-2.676077474141544954e+00
-3.850929178223552185e-01
-2.726442662819851037e+00
-4.367839335505508735e+00
-2.857491869814131613e-01
-1.707106781186544797e+00
-7.088253882370383341e-01
2.561427816399752366e+00
-7.388987735433860671e-02
2.672811179113128710e-01
5.344480268939598711e-01
-2.417747926587908047e+00
-1.684216039789934172e+00
-1.365385559569066709e+00
-1.523988491623149866e+00
1.808482451776647348e-01
1.010002876117061632e+00
1.739484721664869227e+00
1.460781852155911942e+00
1.574421089398449380e+00
1.539870041120738886e+00
-2.686320061066986287e-01
1.081490722630207291e+00
1.018749247686055348e+00
-5.890996790398344007e-01
2.175563585922197340e+00
7.680876082425843743e-01
-7.644687195841519678e-01
2.118867792600032995e+00
-7.366973689698053107e-01
-7.787682579175669861e-01
2.326350021036213356e+00
-8.156642244655593066e-01
6.734607615326673180e-01
2.200797745465392197e+00
-1.836543755927073640e+00
-4.296840438102190740e-01
-9.851550640796381542e-01
-4.029145273016244033e+00
-1.465102945614948915e+00
-1.499458485864924695e+00
-1.669438809408520630e+00
1.200615557004343303e+00
8.231578196669608882e-01
5.718151655375199871e-01
5.704176525165666201e-01
-9.023970224083672775e-01
-1.759253141191034153e+00
-2.482929091022494816e+00
-1.529129928711095765e+00
-1.038951210929653479e+00
-3.033579166900504109e-01
2.576419473322138831e+00
1.681435022633289700e+00
1.742392727976957545e+00
3.238865287150938244e+00
-3.636111451599279287e-01
1.161582351146508985e-01
1.248303724920427182e+00
-1.998119711062638304e+00
1.008693563753788380e+00
1.858998969885631736e+00
-7.473378471573256521e-01
2.711077085881193671e+00
1.357307121204115452e+00
-9.612771512777329441e-01
1.966564815206173433e+00
-3.897766487502402066e-01
-9.954968580369683018e-01
1.433486749012381711e+00
-9.632345060116601632e-01
-7.654636884252945528e-01
-7.287916652715903387e-02
-2.211971339468698616e+00
-1.761558508736150275e+00
-1.512061896209614620e+00
-1.508516843097184923e+00
-5.456249731207464260e-01
1.326727875091239239e-01
1.026270770085521811e+00
-1.110223024625156540e-15
-1.244675765201268547e-01
-2.914558304535878053e-01
-2.989877121662162907e+00
-1.576345045465124883e+00
-1.006203259963794450e+00
-2.222472249991661375e+00
1.999600396237876332e+00
2.099702151548263007e+00
9.847996979128007533e-01
4.304204734501092311e+00
1.086223175857506940e+00
-5.271393792362079056e-01
1.644189830570516042e+00
-2.072394575835956765e+00
-9.813426401894679296e-01
1.784841327821378165e+00
-5.187929590239287458e-01
2.090941649253192480e+00
3.020028504921026258e+00
3.547578522276937374e-01
1.688401955779460950e+00
5.006993811374537140e-01
-1.316742425481936429e+00
-3.055740753599598403e-01
-9.334340709674038283e-01
-9.486853516671578390e-01
-5.703967684091796331e-01
-5.788594013761485524e-01
-6.768506152392813613e-01
-1.595956359308575045e+00
-5.789151536497949557e-01
-1.001452511477596730e+00
-1.612986909056752127e+00
9.305485595645575092e-01
-5.475107024177636728e-01
-9.207758756887604035e-01
1.193657648276772676e+00
-2.304290733831598992e+00
-1.835632446981920518e+00
6.372948984070292422e-02
-2.973877932350706743e+00
2.981768762795447003e-01
2.247497288858487430e+00
5.028907424146022986e-02
3.651587123570144033e+00
2.746637881594208963e+00
-2.520459249697716286e-01
1.727768783598905955e+00
-8.429540646659827718e-01
-2.000000000000010214e+00
6.063521957080915126e-01
-2.697051296131323106e-01
1.051621525632011389e+00
2.947361311296563535e+00
2.071277098818808504e+00
2.027592563717298901e+00
1.102633037669218830e+00
-1.012430847491288810e-01
-1.278522060180594666e+00
-1.873436832416579989e+00
-8.611321955312285503e-01
-1.710207570677503508e+00
-5.996244252936860919e-01
9.566918396189028062e-01
-1.341806483687314255e+00
1.478012258901579279e-01
2.601128644395659384e-01
-2.800263014610337997e+00
2.715538561574265541e-02
-6.324490111050725671e-01
-2.610853590764133259e+00
1.123129562213279531e+00
-9.821219859490626369e-01
-2.083223249920641340e+00
1.041942610222845289e+00
-1.893554872655707655e+00
-1.103520116931307360e+00
1.794811304276312525e+00
-3.084011444384472389e-01
1.812695107070640743e+00
3.007462216989906345e+00
6.503235994773738371e-01
1.479272910332282809e+00
4.716698163155738088e-01
-1.169559266826514232e+00
-4.998177115627417955e-01
-3.349624066347834939e-01
6.280060276083727633e-01
1.473322111959192382e+00
2.615548883497041288e+00
2.925052890893073965e+00
1.114247468451627476e+00
1.417528062581447923e+00
-4.347894016890411217e-01
-2.887964797872269784e+00
-7.705321740377231166e-01
-2.218709137107308216e+00
-2.160113715366814624e+00
1.679800342216206888e+00
-6.180339887498411677e-01
7.379436274956263642e-02
2.063436065175675793e+00
-2.254179836519289992e+00
-1.084502623253204900e+00
-3.878951405052621926e-01
-3.734930397151845494e+00
-6.163824603915178946e-01
-2.985919362741318861e-01
-2.049968994778479825e+00
1.032818950844853534e+00
-3.302394343279657640e-02
-9.703647782702432556e-01
1.042096317293344621e+00
-3.201413007496078933e-02
3.613465793696105655e-01
1.533009514305594845e+00
1.146295464728072533e+00
1.233585004235997706e+00
6.936180105484898162e-01
6.339309345823148645e-01
-3.162305464663112131e-01
-6.949597409090139122e-01
1.112528445793673937e+00
2.064273797800211252e-01
1.456852238774274166e+00
3.628373799762707019e+00
8.641368731605542086e-01
1.816861282278609657e+00
1.560784308226298434e+00
-2.848605315861718612e+00
-8.991568894004489110e-01
-1.541521226691940916e+00
-3.686700497770987184e+00
8.126562899790698014e-01
1.341311697233788236e-01
-5.419360674387632137e-01
2.794447009964958983e+00
-4.025184127374799026e-01
-1.431244489218812088e+00
-2.246105063675587488e-01
-3.460327958337499510e+00
-2.554119038299822009e+00
-1.022851943510404871e+00
-1.852755398228831840e+00
1.624693648043240568e-01
8.687740105968734250e-01
5.102795383963737441e-01
7.412603786684167639e-01
3.437347588971749746e-01
3.968022466673959969e-01
-3.742858417155210393e-01
4.438117125157192699e-01
1.181728302380156581e+00
-2.391587950289953968e-01
1.617581373843639980e+00
1.187173218587356027e+00
-8.713769026736482015e-01
1.910241884616705965e+00
4.792864053689127601e-01
-3.196829306558093275e-01
3.389389938480659392e+00
8.188946325415986660e-01
8.091825655098845438e-01
2.934058219289273683e+00
-1.540635808830163267e+00
-1.075446969724473290e+00
-2.620938183122261123e-01
-3.653344708848388578e+00
-8.071321551656878146e-01
2.837815597653886024e-01
-9.978592059149600235e-01
1.920427923166892370e+00
1.077944270922300607e+00
-6.585651973503128254e-01
-2.928932188134362180e-01
-2.285117565548027585e+00
-3.026468182432119569e+00
-2.575789051763984094e+00
-1.934099038219838640e+00
-6.918480715126080760e-01
3.412853761915379813e-02
1.828118226297899218e+00
1.322543792164062371e+00
3.503229376539419571e-01
1.563697826748061459e+00
-9.862548547593439352e-01
-1.130685887356810415e+00
1.120431574151929510e+00
-1.345066639217338045e+00
7.743952521706116698e-01
2.716314563693081219e+00
-4.286687848327277450e-01
2.252570235715435132e+00
2.120253195616106812e+00
-9.973131937834136540e-01
2.301447974175441225e+00
1.052863072773765118e+00
-5.920148731114784901e-01
2.480344674668707228e+00
8.326672684688674053e-15
-9.278974495051164340e-01
5.895129188494122596e-01
-2.012550297842788716e+00
-1.548402923650517460e+00
-2.660271534747806754e-01
-9.120958650213992769e-01
4.158450588801547720e-01
8.400264499099652227e-01
4.839263367685775474e-01
-3.516816637368646026e-01
-1.440014868468166842e+00
-1.750197334649027603e+00
-3.480432664834879564e+00
-2.520591528329533038e+00
-8.342949040241056657e-01
-1.665379133681842649e+00
1.559308397980469607e+00
2.324477860352262670e+00
3.933449431855828848e-02
2.495138594019341571e+00
2.065601649839703957e-01
-2.315904713207529664e+00
7.536568724829649790e-01
-1.630896196767164685e+00
-1.183815273952300240e+00
2.835924174840098289e+00
4.426413015534791384e-01
1.949729038980639872e+00
3.692614181412600338e+00
1.335668223604900007e-01
1.356597615586063954e+00
1.266151326032860513e+00
-1.128402701374188855e+00
7.061206982328522841e-01
4.014127994538444488e-01
-4.079021473159418210e-01
5.477079778234613672e-01
-1.926926191516986631e-01
-5.419610366471966367e-01
-8.235602860174289219e-01
-5.139220720519495078e-01
-2.437244924978769767e-01
-8.358178370156923442e-01
7.653953463791616230e-01
-1.601072296251722094e-01
-1.675076190914196905e+00
-7.018228652191171868e-02
-2.761268263224704977e+00
-3.228159379740928703e+00
-3.579604780797718266e-01
-2.596429040154576207e+00
-2.443783387794153383e-01
2.721152997827538833e+00
-2.148005569169763040e-01
2.160240910104712864e+00
2.002726811677269403e+00
-2.095237756028575316e+00
1.599753768497589324e-01
-1.001715559083335094e+00
-2.537766349135147870e+00
1.376373953619314250e+00
9.736911198283411117e-01
1.438450816157580858e+00
3.901439670001798810e+00
2.064118391533817487e+00
1.535724898160918839e+00
1.252064803654996838e+00
-4.763051328824892683e-01
-6.630994838572644712e-01
-6.966199956198124710e-01
1.303925089095627626e-02
3.870138814862777998e-02
2.912108461495079847e-01
1.431914190333141601e+00
-5.158537933373565920e-01
-2.489861611651728035e-01
5.191210553239388181e-01
-2.289192001228248508e+00
-3.129075862710909428e-01
1.309563934742289382e-01
-2.636809562268640938e+00
3.386051511281528703e-01
-9.503321469759167250e-01
-3.353603350082859702e+00
1.097998586487489714e-01
-1.919525508273509207e+00
-2.052946354036412124e+00
1.933234629438162600e+00
-2.377038909797773991e-01
7.787809292811768147e-01
2.631579100805645055e+00
-7.530476177598051102e-01
-1.894739648922959541e-01
-2.037117250035082594e-01
-2.199491185350161526e+00
-3.271635574412027347e-01
5.696971187657100533e-01
1.198680206494614708e+00
2.776543411924639493e+00
3.000000000000000000e+00
2.776543411924628835e+00
1.198680206494663558e+00
5.696971187657092761e-01
-3.271635574411693170e-01
-2.199491185350114897e+00
-2.037117250035311578e-01
-1.894739648922626474e-01
-7.530476177598234289e-01
2.631579100805586435e+00
7.787809292811951334e-01
-2.377038909798295796e-01
1.933234629438153052e+00
-2.052946354036345955e+00
-1.919525508273517644e+00
1.097998586488206918e-01
-3.353603350082794865e+00
-9.503321469759460349e-01
3.386051511281870652e-01
-2.636809562268683571e+00
1.309563934741450053e-01
-3.129075862710956057e-01
-2.289192001228268936e+00
5.191210553238161385e-01
-2.489861611650484585e-01
-5.158537933373208428e-01
1.431914190333313908e+00
2.912108461494588019e-01
3.870138814859891419e-02
1.303925089107333540e-02
-6.966199956199449206e-01
-6.630994838573066597e-01
-4.763051328823595387e-01
1.252064803655083880e+00
1.535724898160968355e+00
2.064118391533901864e+00
3.901439670001700222e+00
1.438450816157399670e+00
9.736911198284435853e-01
1.376373953619277390e+00
-2.537766349135342381e+00
-1.001715559083386609e+00
1.599753768496596784e-01
-2.095237756028488718e+00
2.002726811677604690e+00
2.160240910104535228e+00
-2.148005569168807138e-01
2.721152997827588571e+00
-2.443783387797710260e-01
-2.596429040154609069e+00
-3.579604780797672747e-01
-3.228159379740944690e+00
-2.761268263224468722e+00
-7.018228652181224270e-02
-1.675076190914258412e+00
-1.601072296251961902e-01
7.653953463789838763e-01
-8.358178370157851589e-01
-2.437244924979601324e-01
-5.139220720520687458e-01
-8.235602860171522543e-01
-5.419610366471034890e-01
-1.926926191516269427e-01
5.477079778233546747e-01
-4.079021473156949074e-01
4.014127994536681454e-01
7.061206982328560589e-01
-1.128402701374215722e+00
1.266151326032643798e+00
1.356597615586138783e+00
1.335668223603730942e-01
3.692614181412563923e+00
1.949729038980939633e+00
4.426413015534367279e-01
2.835924174840095624e+00
-1.183815273951851044e+00
-1.630896196767542827e+00
7.536568724830633448e-01
-2.315904713207564303e+00
2.065601649836572018e-01
2.495138594019422840e+00
3.933449431846736122e-02
2.324477860352108571e+00
1.559308397980804450e+00
-1.665379133681832435e+00
-8.342949040241108838e-01
-2.520591528329324760e+00
-3.480432664835078960e+00
-1.750197334649167047e+00
-1.440014868468214360e+00
-3.516816637369210019e-01
4.839263367684119022e-01
8.400264499100312809e-01
4.158450588802249381e-01
-9.120958650215758023e-01
-2.660271534748414046e-01
-1.548402923650384233e+00
-2.012550297842672808e+00
5.895129188492440608e-01
-9.278974495050996696e-01
-1.377786773559819267e-13
2.480344674668686356e+00
-5.920148731114027729e-01
1.052863072773668529e+00
2.301447974175497624e+00
-9.973131937834295302e-01
2.120253195616076614e+00
2.252570235715426250e+00
-4.286687848327020989e-01
2.716314563693051909e+00
7.743952521707592185e-01
-1.345066639217307181e+00
1.120431574151809162e+00
-1.130685887357003150e+00
-9.862548547593592563e-01
1.563697826748265740e+00
3.503229376538512518e-01
1.322543792164005083e+00
1.828118226297991589e+00
3.412853761904510730e-02
-6.918480715125850944e-01
-1.934099038219738276e+00
-2.575789051764014292e+00
-3.026468182432007659e+00
-2.285117565548051566e+00
-2.928932188134730774e-01
-6.585651973504705881e-01
1.077944270922187808e+00
1.920427923167012052e+00
-9.978592059150024340e-01
2.837815597654828048e-01
-8.071321551657297810e-01
-3.653344708848335287e+00
-2.620938183122339948e-01
-1.075446969724557444e+00
-1.540635808830209452e+00
2.934058219289166658e+00
8.091825655099189607e-01
8.188946325413921645e-01
3.389389938480618092e+00
-3.196829306557549266e-01
4.792864053688725146e-01
1.910241884616872277e+00
-8.713769026735319612e-01
1.187173218587231238e+00
1.617581373843706594e+00
-2.391587950289366660e-01
1.181728302380201878e+00
4.438117125156816334e-01
-3.742858417156080253e-01
3.968022466675287241e-01
3.437347588971754186e-01
7.412603786684159868e-01
5.102795383963637521e-01
8.687740105968653204e-01
1.624693648043301630e-01
-1.852755398228799422e+00
-1.022851943510559192e+00
-2.554119038299996980e+00
-3.460327958337382270e+00
-2.246105063674955771e-01
-1.431244489218728377e+00
-4.025184127374228371e-01
2.794447009964997175e+00
-5.419360674390274468e-01
1.341311697236295397e-01
8.126562899787733718e-01
-3.686700497771104423e+00
-1.541521226691574986e+00
-8.991568894005437240e-01
-2.848605315861653775e+00
1.560784308226429440e+00
1.816861282278402712e+00
8.641368731606162701e-01
3.628373799762708352e+00
1.456852238774088315e+00
2.064273797799447974e-01
1.112528445793567800e+00
-6.949597409089715017e-01
-3.162305464662534815e-01
6.339309345823916919e-01
6.936180105483868985e-01
1.233585004236009697e+00
1.146295464728083635e+00
1.533009514305414989e+00
3.613465793694331518e-01
-3.201413007490738760e-02
1.042096317293403462e+00
-9.703647782700836055e-01
-3.302394343281600531e-02
1.032818950845002304e+00
-2.049968994778271991e+00
-2.985919362743431060e-01
-6.163824603912474442e-01
-3.734930397152016468e+00
-3.878951405056330071e-01
-1.084502623252878495e+00
-2.254179836519613289e+00
2.063436065175525247e+00
7.379436274981937549e-02
-6.180339887499471940e-01
1.679800342216373199e+00
-2.160113715366680509e+00
-2.218709137107536034e+00
-7.705321740377308881e-01
-2.887964797872280887e+00
-4.347894016892679403e-01
1.417528062581427939e+00
1.114247468451665890e+00
2.925052890892986035e+00
2.615548883497185617e+00
1.473322111959232350e+00
6.280060276084650228e-01
-3.349624066347685059e-01
-4.998177115626750711e-01
-1.169559266826596167e+00
4.716698163152923673e-01
1.479272910332266378e+00
6.503235994774883011e-01
3.007462216989823300e+00
1.812695107070610767e+00
-3.084011444384946454e-01
1.794811304276265673e+00
-1.103520116931327788e+00
-1.893554872655712096e+00
1.041942610222933663e+00
-2.083223249920579168e+00
-9.821219859490054604e-01
1.123129562213285304e+00
-2.610853590764150134e+00
-6.324490111052800678e-01
2.715538561592034661e-02
-2.800263014610305135e+00
2.601128644396136780e-01
1.478012258902029474e-01
-1.341806483687490559e+00
9.566918396190473572e-01
-5.996244252936738794e-01
-1.710207570677546363e+00
-8.611321955311563858e-01
-1.873436832416606856e+00
-1.278522060180645292e+00
-1.012430847492524211e-01
1.102633037669206617e+00
2.027592563717284690e+00
2.071277098818849804e+00
2.947361311296750497e+00
1.051621525632149723e+00
-2.697051296132803033e-01
6.063521957081960956e-01
-2.000000000000083045e+00
-8.429540646659505754e-01
1.727768783598791380e+00
-2.520459249697141191e-01
2.746637881594142794e+00
3.651587123570171567e+00
5.028907424152861960e-02
2.247497288858411935e+00
2.981768762797487593e-01
-2.973877932350699638e+00
6.372948984067594580e-02
-1.835632446981859456e+00
-2.304290733831631410e+00
1.193657648276715388e+00
-9.207758756887206575e-01
-5.475107024177376935e-01
9.305485595645189845e-01
-1.612986909056650209e+00
-1.001452511477537222e+00
-5.789151536498615691e-01
-1.595956359308492889e+00
-6.768506152391984276e-01
-5.788594013761079182e-01
-5.703967684093295132e-01
-9.486853516671984732e-01
-9.334340709674343595e-01
-3.055740753599566206e-01
-1.316742425481883139e+00
5.006993811375143322e-01
1.688401955779548658e+00
3.547578522276414459e-01
3.020028504921031143e+00
2.090941649253178269e+00
-5.187929590239349631e-01
1.784841327821425239e+00
-9.813426401896130358e-01
-2.072394575835761810e+00
1.644189830570487398e+00
-5.271393792363282538e-01
1.086223175857632395e+00
4.304204734501054119e+00
9.847996979127721096e-01
2.099702151548267448e+00
1.999600396237814159e+00
-2.222472249991694682e+00
-1.006203259963724950e+00
-1.576345045465075589e+00
-2.989877121662016801e+00
-2.914558304534886624e-01
-1.244675765201374018e-01
4.607425552194399643e-15
1.026270770085308648e+00
1.326727875089868114e-01
-5.456249731207779563e-01
-1.508516843097118088e+00
-1.512061896209518030e+00
-1.761558508736183803e+00
-2.211971339468605358e+00
-7.287916652711880217e-02
-7.654636884254859552e-01
-9.632345060116445090e-01
1.433486749012249817e+00
-9.954968580370814335e-01
-3.897766487505982536e-01
1.966564815206289563e+00
-9.612771512775557525e-01
1.357307121203909839e+00
2.711077085881554272e+00
-7.473378471572370563e-01
1.858998969885287122e+00
1.008693563753934042e+00
-1.998119711062794845e+00
1.248303724920294400e+00
1.161582351147769643e-01
-3.636111451600248512e-01
3.238865287150975547e+00
1.742392727977164046e+00
1.681435022633174681e+00
2.576419473322390630e+00
-3.033579166899241786e-01
-1.038951210929734970e+00
-1.529129928711044473e+00
-2.482929091022511692e+00
-1.759253141191080783e+00
-9.023970224083518454e-01
5.704176525166534395e-01
5.718151655375223186e-01
8.231578196669694369e-01
1.200615557004263145e+00
-1.669438809408458901e+00
-1.499458485864972435e+00
-1.465102945614868091e+00
-4.029145273016196072e+00
-9.851550640796096214e-01
-4.296840438101233728e-01
-1.836543755927186439e+00
2.200797745465219002e+00
6.734607615329830654e-01
-8.156642244657670293e-01
2.326350021036161841e+00
-7.787682579173360597e-01
-7.366973689701029615e-01
2.118867792600098277e+00
-7.644687195839259264e-01
7.680876082426272289e-01
2.175563585922344334e+00
-5.890996790398366212e-01
1.018749247685931447e+00
1.081490722630214174e+00
-2.686320061068850906e-01
1.539870041120700250e+00
1.574421089398532425e+00
1.460781852156016747e+00
1.739484721664973810e+00
1.010002876117082726e+00
1.808482451777496669e-01
-1.523988491623072150e+00
-1.365385559569077589e+00
-1.684216039789907970e+00
-2.417747926588029284e+00
5.344480268939351131e-01
2.672811179112236646e-01
-7.388987735421204128e-02
2.561427816399741708e+00
-7.088253882369215386e-01
-1.707106781186483291e+00
-2.857491869813787444e-01
-4.367839335505522946e+00
-2.726442662819971385e+00
-3.850929178221815796e-01
-2.676077474141561385e+00
1.219842177941297789e+00
2.178164344248305628e+00
-3.456130750623527259e-01
2.299376683226951990e+00
5.456149952473514642e-01
-1.532158725794146914e+00
6.397767353080214825e-01
-7.737650358375859350e-01
-5.048951823935783345e-01
1.510644357540247507e+00
8.614242570236667618e-01
1.391543156537318637e+00
1.598794176405307965e+00
1.201093474373061465e+00
9.232741775704544906e-01
5.736011397897445852e-01
1.513641926127192727e+00
5.007738203572141833e-01
5.134542646781133923e-01
1.618033988749954410e+00
-1.191026167689920312e+00
-6.658698037321412189e-01
-1.921844177459386405e-02
-3.040285214499020672e+00
-2.032056353183068764e-01
4.932040745762615308e-01
-1.583799645881372786e+00
2.190692066152273298e+00
6.220463881973441467e-01
-1.892708149288461872e+00
5.457503406714476757e-01
-2.946007300764314607e+00
-3.818099554260571349e+00
-8.593997299377644783e-01
-2.786128427901636506e+00
-6.365000661186279718e-01
2.093112376621494519e+00
5.598954074822474203e-01
1.937526784299118843e+00
1.643580010888954002e+00
-5.179905684252392728e-01
-4.657502995386861855e-01
-1.071726302324081281e+00
-9.652571077211076211e-01
-2.758342744729401774e-01
9.188805968054187812e-01
2.176782703882495618e+00
1.476731044933378811e+00
2.610371677158779491e+00
2.098141323817746429e+00
-2.687907132802166421e-01
1.541731907402036361e+00
1.171728596020331636e-01
-1.286146520053397246e+00
1.901634938714920731e+00
-4.832825126556797302e-01
-8.486228601635663615e-01
1.807149469256000618e+00
-1.901867794091806729e+00
-9.491413250761191467e-01
1.019063941566942466e+00
-2.230947113537876891e+00
3.700412463621913783e-01
1.090669676769028484e+00
-1.814268378174497043e+00
2.794600562220604933e-01
-1.109816971763043725e+00
-3.282951275804419033e+00
-1.469526759359768509e+00
-2.260073510670079333e+00
-1.733516948792766854e+00
4.684454186468460235e-01
8.758075180872714194e-01
1.615681788324841772e+00
1.482765069613984910e+00
1.105960379497608725e+00
-1.818136529107272636e-01
-1.580392132489206514e+00
-5.165170974925347158e-01
-1.466112759177003344e+00
-5.858070812674154304e-01
2.606369621262760283e+00
1.150429251052964785e+00
2.665720443820706720e+00
4.055242320740331863e+00
2.722213668881778847e-02
1.340001040291028955e+00
9.110014787435692929e-01
-2.663060005569522826e+00
6.724742162374943710e-01
1.260763198549670339e-01
-1.486183633874425869e+00
2.279812426943541581e+00
2.160535949440761661e-01
-8.287227234178088375e-01
1.398079034091719297e+00
-1.438040753327083365e+00
-1.238842741305666406e+00
1.966338650956349077e-01
-1.621656966613417516e+00
-7.308508792341956717e-01
-5.356263821737261566e-01
-1.651400787358700661e+00
-1.513139655350898671e+00
-1.725709392719217306e+00
-1.230239661924808381e+00
-1.167429891958361887e+00
2.350553994493109755e-02
1.508821018640077227e+00
2.814011549516557964e-01
1.570556732192019522e+00
1.206662487008777651e+00
-1.829378183543408198e+00
9.673945323813559760e-02
-9.736770780439080175e-01
-2.317065591403796088e+00
2.086420949343298137e+00
1.098191570134937400e+00
1.398315795149719598e+00
