1.060463787018008693e-03
8.089797987138628785e-04
1.137260451199307914e-03
7.877560245018115203e-04
8.891756893083780332e-04
7.253902440029591329e-04
1.107573368199353753e-03
8.213729717692838661e-04
1.307910808014982849e-03
7.546455287423679999e-04
8.131110409519198487e-04
1.105440347147541250e-03
1.249984096496738325e-03
1.057949542588150060e-03
8.792596449637031780e-04
1.007738369459253982e-03
7.213285383969782888e-04
8.651747344747748574e-04
9.493307071262960684e-04
7.223157420653816482e-04
1.011333663258606351e-03
1.400288954388556432e-03
1.011886056889442194e-03
9.719359695114508819e-04
1.817361789935534929e-03
1.105657761292289749e-03
1.300702701040587711e-03
1.082671215590849103e-03
1.406529436359535640e-03
8.830622508462012289e-04
7.861595054054573185e-04
1.114414632827809455e-03
1.028697276721924530e-03
8.666339547892284827e-04
1.046595146439100637e-03
6.785667111608429097e-04
8.714104349518039371e-04
1.124070761682060323e-03
9.516886973340459889e-04
7.697238838867929023e-04
2.064646004972310600e-03
1.047387000672311266e-03
1.438756462427578670e-03
1.408342325650908076e-03
1.230341445732414550e-03
9.323500114114190943e-04
7.933011630942570121e-04
7.334305235168125589e-04
1.104007832362072011e-03
2.169986301727671978e-03
1.024159016412854763e-03
8.328863176919781060e-04
7.366193624053466067e-04
9.809177720256046732e-04
9.427361242304210971e-04
1.047238961199707750e-03
1.450862601509077384e-03
1.019155336053912883e-03
1.485766051495423937e-03
1.166813505555886919e-03
9.653702969895253203e-04
6.242772712561071077e-04
6.622768558222878743e-04
9.732144659615794575e-04
1.507825906143820966e-03
8.491573896631174345e-04
7.489069586908527528e-04
7.437833753999884695e-04
9.058759874258201419e-04
8.546617321428930190e-04
6.391464357135793074e-04
1.278645445704042162e-03
5.589591252452855369e-04
9.403178074912103748e-04
7.815774148386234015e-04
9.304677221507770372e-04
9.514534560997995292e-04
8.686492817365587624e-04
6.991522889198029892e-04
1.281040274429415824e-03
7.981854611228598149e-04
1.101947114244530542e-03
1.068407557588787376e-03
1.315370694960190257e-03
1.314071031923706940e-03
5.825050464723726968e-04
1.377434450829384972e-03
1.190508972091977938e-03
1.101336561170439829e-03
8.892022579077103403e-04
7.004841270264040680e-04
8.794899213962782940e-04
1.163024337200652516e-03
8.201987490411479648e-04
8.331508156812265052e-04
1.026878878682096000e-03
1.132504378295946541e-03
8.416871016465416952e-04
1.034986945261949986e-03
9.332858748377216400e-04
1.098809898575794789e-03
1.763509246100888276e-03
9.706686216844522333e-04
9.553747395943260404e-04
1.130443926444702927e-03
1.006436540758670357e-03
6.925965664170228436e-04
1.558187055139354828e-03
7.953358381778514400e-04
1.398827984289330870e-03
8.595033971428376728e-04
1.195738867606165089e-03
1.682002851962675254e-03
9.134347307970037185e-04
9.621958070540270139e-04
9.326980926024474455e-04
9.893669121849796647e-04
7.687676102308693693e-04
1.376888369240784589e-03
8.538542255202832484e-04
8.034849819395892441e-04
9.382291860314496360e-04
8.267364497649238794e-04
9.021851573647388708e-04
7.760451720094144711e-04
1.999856113457359769e-03
1.240600427162262065e-03
6.831453915826270207e-04
7.981710086943742937e-04
1.032958147309458521e-03
1.042275760382772865e-03
1.057680489358429725e-03
7.562085593628847541e-04
1.059258249578847160e-03
9.547934675038620162e-04
1.467362457916897810e-03
6.738800879289433884e-04
1.097876727593727472e-03
1.214881129666843572e-03
6.718025773654267251e-04
7.545382339705071582e-04
8.249838008509691439e-04
1.712045390498626854e-03
7.986902260140424543e-04
8.948834369795059286e-04
1.207432399965209643e-03
2.263035671979381040e-03
1.202248814640594510e-03
1.274850560324911151e-03
5.309220574377649087e-04
1.022507825164369315e-03
7.725117570698274323e-04
1.113328326548427422e-03
7.272104185546434708e-04
1.129191761799043861e-03
7.933237456406129137e-04
1.119382388114078565e-03
1.517212294708548785e-03
8.907675941435295053e-04
7.798448852351098481e-04
1.035455655666325065e-03
8.484723021779244645e-04
1.180425047498336998e-03
1.561883468878437617e-03
1.009602056195682725e-03
8.400524935257829440e-04
1.327583778173891662e-03
9.045408631082262844e-04
1.085144846332489676e-03
1.949404145709749455e-03
9.740872109743670994e-04
9.480444498168548711e-04
7.071937797178227004e-04
6.510386708619610857e-04
8.846411640773112293e-04
7.444044792431193068e-04
9.380894855031975642e-04
7.942530769391722371e-04
1.126306292059102909e-03
8.907594324205007474e-04
1.130108271721447103e-03
1.107086042612968240e-03
9.143959816190843325e-04
1.170073997162325574e-03
8.737746874578969369e-04
1.111142943389886034e-03
6.055913336674584053e-04
7.598498690144811930e-04
1.035875887868557875e-03
1.647824023879713518e-03
6.652882507831403384e-04
8.535395934087381103e-04
1.036143680181124318e-03
9.712063803216700562e-04
7.602779317128906082e-04
9.302604317577439514e-04
7.728117245400822118e-04
8.864645214535858252e-04
1.041886472251736312e-03
9.150086289148222710e-04
1.193649938222027598e-03
1.046396334510590453e-03
1.217259717439930864e-03
6.959488006811587971e-04
1.007872469562617890e-03
1.029349978006300010e-03
8.022409061573241608e-04
1.262594006524516083e-03
8.533319539352805187e-04
1.329975965566418221e-03
1.210629228079915373e-03
9.834422917726984032e-04
1.686795690041648435e-03
7.598020852891951542e-04
1.385616555979721568e-03
8.685019794489330213e-04
9.512280449188660787e-04
9.615041777828456978e-04
9.965436700420538668e-04
1.281812906312115212e-03
9.454979515866577828e-04
6.861422642890438201e-04
8.064932415016575710e-04
6.069421629238107990e-04
7.539148715922602308e-04
1.018582120196282912e-03
7.553152841908933671e-04
9.113249115053653586e-04
1.078463626395871578e-03
9.795692431414421055e-04
1.621986137501479778e-03
9.167965283807004082e-04
6.545017401814678080e-04
8.666720832158961683e-04
1.141154788913509733e-03
8.159291262831802703e-04
1.185292154875141474e-03
9.557468140603082515e-04
1.059772674402238105e-03
1.164862819587478629e-03
1.029595698448322735e-03
2.513325456199278288e-03
9.502381718731022896e-04
1.758918570397268637e-03
1.033473516148517620e-03
1.284413669778604631e-03
9.536234270478133584e-04
8.412074601527499539e-04
8.707944759139829571e-04
8.289433398016485786e-04
1.015197323172458647e-03
7.753083075629941135e-04
9.161106526934346007e-04
1.078591886171120697e-03
8.576889696326811183e-04
1.077837352295173612e-03
8.992864818113536270e-04
7.357233471313093503e-04
1.110177212598703568e-03
1.222343163487730382e-03
8.542067123413141227e-04
9.802534775020473913e-04
1.851814556146834335e-03
1.385316179722517619e-03
9.557464503068960945e-04
9.213505400677388275e-04
5.316445286581905280e-04
7.595477996300034444e-04
1.516949054511902662e-03
8.349803228863705590e-04
1.050538099072134994e-03
1.049082686735221216e-03
1.318594672841535498e-03
7.261732587264741520e-04
1.066751987314211404e-03
7.536987906326853177e-04
1.162681360574865583e-03
5.091551750305740864e-04
1.244513448817332951e-03
1.061975461332505992e-03
9.125074699236547949e-04
1.041748641384252459e-03
7.978101324630517376e-04
9.397879460516901998e-04
9.713643748214492203e-04
1.241499373755717856e-03
6.450583319643960790e-04
7.231875935124179502e-04
7.404080167773092677e-04
8.793210597957681288e-04
1.047371359829309644e-03
9.436712592515129287e-04
1.254080202711476376e-03
1.073434994424336342e-03
9.516770856280926724e-04
8.924110789636538303e-04
1.021869946710976225e-03
7.397440714312856613e-04
7.838075551680754368e-04
8.864907998744643840e-04
7.955202994534033446e-04
8.106652645373543884e-04
9.079593360320698577e-04
8.572192613319682113e-04
5.964271827896216148e-04
8.913191509783595975e-04
1.365567220385718612e-03
6.994619409295089671e-04
8.563117273640563631e-04
1.233767737382910788e-03
1.957298597898651273e-03
8.042519352714624578e-04
9.004753297466232091e-04
7.148087311354455256e-04
1.080467071542791108e-03
6.842753401985778895e-04
9.880131549667076941e-04
5.503919694345225759e-04
9.729005878689048811e-04
1.111255434901921128e-03
7.461510683848856639e-04
7.883674293847583222e-04
1.566234361729103167e-03
8.351814257409717179e-04
1.116545970299477088e-03
1.414281075278925109e-03
9.353882651993920654e-04
1.114851870186458083e-03
1.416051473008125708e-03
8.948254500738095189e-04
1.045400979518731465e-03
1.706846414102927223e-03
1.368839232609463325e-03
1.120787625480842943e-03
7.473036536856396319e-04
8.535079776242756808e-04
1.091515254604096203e-03
1.016774952442429849e-03
8.339337115492418632e-04
1.208920446098228933e-03
1.336173793077815187e-03
1.516097272536087769e-03
9.590544909618854957e-04
1.064191093977007738e-03
1.122358517523261824e-03
6.866352539463280516e-04
1.066445375692973759e-03
8.576928038420395493e-04
8.493922307050288945e-04
7.225008139570077495e-04
7.846021072771003097e-04
1.124031495701404565e-03
8.762136854187627978e-04
9.290877485354043317e-04
2.331813675357228763e-03
8.806659219571632679e-04
1.294971857700579409e-03
8.969883324435518925e-04
1.016994461732285667e-03
9.436217099919523392e-04
1.332041051012422756e-03
8.413365715674206002e-04
1.239463137560385285e-03
1.097792545717537777e-03
9.973896516667745803e-04
8.770714103622971949e-04
1.234058348969902571e-03
9.240577990183025236e-04
1.372328780034227230e-03
6.673501239644462780e-04
8.390961344259789245e-04
1.002608148765183867e-03
1.104106448019639931e-03
9.218654297269237609e-04
7.936641989053324405e-04
6.339156931687657450e-04
8.584110349193802177e-04
1.196756880831469387e-03
9.229485808748877276e-04
9.223103281995131096e-04
9.454770684555696778e-04
9.556863469667414412e-04
9.350875133342687832e-04
1.128334951807190940e-03
7.558674313353492928e-04
9.691733425027445215e-04
9.433144578625937606e-04
1.626313955502250563e-03
9.235474745516111545e-04
9.067744009416457175e-04
9.810955735848601346e-04
6.752582082861786471e-04
5.318234053432405878e-04
7.460437511675609319e-04
8.736349918723597223e-04
9.867220804240135756e-04
9.325785212596095740e-04
8.831803093250613444e-04
9.136079768489340815e-04
8.664128170274754039e-04
1.019304152314661491e-03
1.463472618492735276e-03
1.477451005159591355e-03
1.261225607806958126e-03
8.292533423998708908e-04
1.064470733489751228e-03
1.378270947534951342e-03
9.775388000526085992e-04
7.993013994538828229e-04
1.136891947964611873e-03
1.073100286122781726e-03
9.019829306298801901e-04
1.108121010842471341e-03
9.292817583441770682e-04
1.053770276077341424e-03
1.093791546577323106e-03
7.736099441027794333e-04
1.137873067001133991e-03
1.134651369646151988e-03
1.094296275477649183e-03
1.222108939397424827e-03
1.243587089461917683e-03
9.548851387583389555e-04
7.246853791273856048e-04
1.172011379946612513e-03
1.142301576660779971e-03
1.073998141285582028e-03
2.038807258090764157e-03
9.974339824992599444e-04
8.693630385188837791e-04
8.612068054146117344e-04
8.329474502137719765e-04
1.032473849125206677e-03
6.727804939267772923e-04
1.008841319489711501e-03
1.039892110181884176e-03
1.308949104488554317e-03
8.089760495692979812e-04
8.692879331336858268e-04
9.905646002490175756e-04
1.073088159646851331e-03
1.021621748337389135e-03
1.119524013175778390e-03
7.450227565846759010e-04
8.913537924378604500e-04
1.198955497443664414e-03
7.483803565631582180e-04
9.645959911562494715e-04
5.691293608854437400e-04
6.676468976649268042e-04
8.622792077014526917e-04
1.089771776857225913e-03
8.470215772102835782e-04
8.232297383810270857e-04
8.531586495672516778e-04
1.074608883892957858e-03
7.405053880371751177e-04
1.372029254131669138e-03
1.032458119622032535e-03
7.504526494745286051e-04
8.105986984864445126e-04
5.968718981248621446e-04
1.412053884131205450e-03
8.417981271893839636e-04
9.640775305204381598e-04
1.099572082758532932e-03
1.088939940487580749e-03
8.591393731667686193e-04
1.100209351076735387e-03
8.997028454164775462e-04
1.232573090401495363e-03
1.608616701950638453e-03
1.011222721817626926e-03
7.272617912561691895e-04
7.131223419845726663e-04
8.777700882624385297e-04
8.927953034109780295e-04
8.936422602457583676e-04
1.009149095117317435e-03
8.250352583408740881e-04
1.115999506808961666e-03
9.621421923803807549e-04
1.108415962912851849e-03
8.793759300357683988e-04
1.204114450386155073e-03
7.381094623711058431e-04
1.256834792940936729e-03
7.847417801332538280e-04
9.701318087130498136e-04
8.716853157695846066e-04
1.289969180930501018e-03
1.192077861751359878e-03
6.867619458885950226e-04
1.343693617196351940e-03
5.080277464359759425e-04
8.959388881993072748e-04
7.426461808890797746e-04
8.392555342318734884e-04
8.200267173065496195e-04
1.121319652630655209e-03
8.012644376088891122e-04
1.065620418322769415e-03
1.037006433787559731e-03
1.416535502952111399e-03
8.941235865883071475e-04
1.028225739119366855e-03
8.769102937722390162e-04
6.653258809337296402e-04
7.821825688777955376e-04
9.113441320596779929e-04
1.426902340257213322e-03
1.111317719849570481e-03
9.027894141271750224e-04
9.532762008589055428e-04
9.933566553962241974e-04
1.288043233305171623e-03
9.941755571812294599e-04
8.922843093788811533e-04
1.241966328043908174e-03
8.655497966184109559e-04
9.397453704274789151e-04
9.365139313695001154e-04
5.610067414920802626e-04
7.616209421840503587e-04
8.649071620092758320e-04
1.009130810912226700e-03
5.741320712995658451e-04
9.105314715412680688e-04
1.238965812650419905e-03
8.928151654007435937e-04
8.348438740058724931e-04
9.650946094322135696e-04
1.101934428374048633e-03
1.184173054375933396e-03
1.014599441322557851e-03
2.020412144660954732e-03
7.883129534814864708e-04
6.784286001409781629e-04
7.871157895043116599e-04
8.113797055489882504e-04
1.084550809084170201e-03
8.261260176614364931e-04
7.549135823551236107e-04
8.503008343492886745e-04
1.060149417716111080e-03
1.166995803925316823e-03
1.172286801349088680e-03
9.749296348005680440e-04
1.088337388233330885e-03
9.444607922753811991e-04
6.486708151783497980e-04
9.482186425910238154e-04
1.126138323878440178e-03
8.411633829929873914e-04
1.079322262448637656e-03
8.275301799626122359e-04
9.743999906611504769e-04
9.182013927310156767e-04
1.247266414681933886e-03
9.243296572504361430e-04
8.592832068854375661e-04
7.983393427134762108e-04
8.358526217832080302e-04
8.398615903366210729e-04
1.091159396285302716e-03
8.927874181738418291e-04
1.359567230675654036e-03
1.106405735586770507e-03
6.109918988579255555e-04
1.030261738153900614e-03
8.766449820967476669e-04
9.428456609749116205e-04
9.783299294811728056e-04
1.146209282877982787e-03
8.957993323671141570e-04
1.599352575435113253e-03
8.435924337237114563e-04
9.157894768081226849e-04
7.873636430292963850e-04
9.780990403018929684e-04
9.818058229103894443e-04
1.433670444859614377e-03
1.054184975659527889e-03
1.261564636924490538e-03
9.886356382528126586e-04
1.108083309208152947e-03
9.945098930626908307e-04
9.579840961953115311e-04
1.318868946604448639e-03
9.484533270485563487e-04
1.313800906015738295e-03
1.203582875349370161e-03
1.191585471302026265e-03
7.845150040407733102e-04
8.808821495771800014e-04
1.076191569263711253e-03
1.161051886643780281e-03
6.909632159953996849e-04
1.104964607945110649e-03
1.011939403103933157e-03
6.704808155179129564e-04
8.077746685241366919e-04
9.785794169009103156e-04
9.185547757676025288e-04
4.977339159211780807e-04
1.409258588487998388e-03
6.194759523218034206e-04
8.386369591596401930e-04
1.113539832862801924e-03
8.562779619167442974e-04
1.052602195373837906e-03
9.047507087667488058e-04
1.056855422293757896e-03
1.874138288528114180e-03
5.700027444595484865e-04
9.479397804981149964e-04
7.414220827402927434e-04
9.410801461279215668e-04
6.180151016209179228e-04
9.701765183220396969e-04
1.218940947176347942e-03
8.878727893152913494e-04
8.885396015475409848e-04
1.022387800833614302e-03
6.726873952329311731e-04
6.750365145153274307e-04
6.874842251512454459e-04
7.707681667769067553e-04
7.737428650793310922e-04
9.515874419354067217e-04
8.402830788528830360e-04
1.236429446782054322e-03
1.261090713858901546e-03
9.743002557751848786e-04
1.164712901684234912e-03
1.171138160450899265e-03
9.802209649948155721e-04
8.543507726583203857e-04
1.126723728379580439e-03
6.717372161801089120e-04
1.066106615300423284e-03
7.840431692331620989e-04
7.912029072838838370e-04
8.526626219825302749e-04
9.299175101185020668e-04
1.053958512543420271e-03
9.415087349649642941e-04
1.113342040756808973e-03
1.017488761514096342e-03
9.817271539868533802e-04
8.164855333304438679e-04
1.121235421219846486e-03
1.254693595566542781e-03
1.522215928068644444e-03
1.055860726793869490e-03
1.308772974260319919e-03
1.083236619930856006e-03
7.483839944162507668e-04
8.281236142088652455e-04
5.824553262333536513e-04
7.192646307546876876e-04
9.411121521826098547e-04
1.166963953386344292e-03
1.011891263345253379e-03
1.083025767902401001e-03
7.773255073137050851e-04
9.830536698325251753e-04
8.940319223676418924e-04
1.322839300504788287e-03
1.021365419343289250e-03
7.215815854885094562e-04
8.731875280399892161e-04
9.173908424145369150e-04
9.448649060852538223e-04
9.774073088853745418e-04
9.132451557699212963e-04
7.530779325785007510e-04
1.143498847158324130e-03
1.091319984853369096e-03
9.859802763030737528e-04
1.115297754961970663e-03
1.420198585275131648e-03
9.024633640841242272e-04
1.080334147556730792e-03
8.578567243223463989e-04
1.429338880644830979e-03
8.285004692263201517e-04
6.780786481924527646e-04
8.706424476000557914e-04
1.033219789598290549e-03
1.131159599152470980e-03
7.783638715504013084e-04
8.787162020764422571e-04
6.333926733019212526e-04
8.206197986991841265e-04
8.749592439926529280e-04
8.199307021150240710e-04
6.776791172737161705e-04
9.471530454823245612e-04
6.934651793709905969e-04
1.052671710635348775e-03
6.442211097633448406e-04
8.973946487959537366e-04
8.913422398136099881e-04
9.591157452043027470e-04
6.361187139450240552e-04
8.649723513707453099e-04
9.742577488982104468e-04
8.526616534548783159e-04
1.472974400631313005e-03
1.645453140159795725e-03
1.099742483788451047e-03
1.034489778708374023e-03
1.626333465687234640e-03
1.611266836345389515e-03
8.216047551495180880e-04
1.206468326156270648e-03
1.054233042995369324e-03
7.611846876227818838e-04
9.360799231304750903e-04
6.765419250242131650e-04
1.307089496096560310e-03
8.770740114361827693e-04
8.024716110674972973e-04
1.174096060630536089e-03
9.588025732861719247e-04
1.208207952043277317e-03
8.078837888110107762e-04
9.028556003426201678e-04
9.699429965360148453e-04
9.388075240076244540e-04
8.456150536353236949e-04
9.528024554502601776e-04
1.048871081924151322e-03
8.486308263435788073e-04
7.627257258498447608e-04
9.018038328722274150e-04
9.918821114908483744e-04
6.328109847296330484e-04
9.081829347685477227e-04
6.330620632030734083e-04
9.441169381955462608e-04
7.536563237011853315e-04
6.061929346603504984e-04
1.694291435396079329e-03
5.900837100323933762e-04
8.416370061126608390e-04
8.610169153485207599e-04
9.131137074505416267e-04
1.576966154249722762e-03
1.664131577925911237e-03
1.272526697635721063e-03
7.098463427817574938e-04
9.672670170666861252e-04
1.103745999275674303e-03
1.003650119338002399e-03
9.384013506625106960e-04
8.119007191728375497e-04
8.095586993124149859e-04
1.944481782021804592e-03
1.053321767473847136e-03
8.876586239908047099e-04
8.931594734488024385e-04
1.141836095340500274e-03
7.343870429452237399e-04
1.090479086719381343e-03
9.397020450609364778e-04
1.074315695324231735e-03
9.462357487191824876e-04
9.348393872026801010e-04
9.467861652247590298e-04
8.807624226533307312e-04
1.604688275210704651e-03
6.625744283713093201e-04
1.198736027862525163e-03
9.349017358496124978e-04
9.844050321923516946e-04
1.166668524876772516e-03
1.008281856138433128e-03
1.217287035537709117e-03
1.013371554770033404e-03
1.065179591253284912e-03
9.971927130790485434e-04
1.082065869958359801e-03
1.082696665412529293e-03
1.171097089544867464e-03
1.138082706668747937e-03
8.913242228042333754e-04
9.520506800662286665e-04
1.058117983123461675e-03
9.151711890418613715e-04
7.352954358655920588e-04
9.947436008894586061e-04
1.302464056891785476e-03
9.668699456704553299e-04
9.146003367114471407e-04
7.868644829774863129e-04
8.815992059445824057e-04
8.175407820158362652e-04
1.043171797247469286e-03
1.149127738521741595e-03
9.678929501255562843e-04
7.236695183197193113e-04
9.487136961512472252e-04
8.506312102818159616e-04
7.784219170090987076e-04
1.028605518342579073e-03
9.385508682971750640e-04
8.835650272668697531e-04
9.650773870290322524e-04
1.056346890930957155e-03
7.474802925236168939e-04
9.906851848832489479e-04
7.915280043226690689e-04
1.020673192220495967e-03
8.714548562095993361e-04
1.152609267366312435e-03
8.618113289202476799e-04
8.756148658891583711e-04
8.816440756011468746e-04
1.219053087219277480e-03
1.326498240625525972e-03
9.411531712983202749e-04
9.331402632929374202e-04
8.325357831941034535e-04
9.860812203756222447e-04
8.362849214361730947e-04
8.702813047168239148e-04
1.493060585656416205e-03
1.226025582410862538e-03
1.178923413060177549e-03
1.180754016774874030e-03
9.626193797818273588e-04
7.760258291901877149e-04
9.041613670661115612e-04
8.616615576155131195e-04
1.008357791041172109e-03
8.736737754727809824e-04
7.276318285269871029e-04
9.784153488460135481e-04
3.727142613908564521e-04
6.714776723481909789e-04
5.648222583083881143e-04
1.048313224741967160e-03
1.257216667877657278e-03
6.806060606877790704e-04
1.068811898868072012e-03
8.642172990081227555e-04
1.184591884038218744e-03
1.031406055753979027e-03
8.527800857066583813e-04
1.000117380344365831e-03
1.487278707996712770e-03
7.546983697283196190e-04
1.446959719488148145e-03
7.264531640625941904e-04
6.282834104827800248e-04
6.461972952064012551e-04
1.183913495069876132e-03
9.027964063189290039e-04
8.564365516293488863e-04
6.627433347634044229e-04
7.382576725343181420e-04
1.648529747438979556e-03
1.079285899436598908e-03
7.807277827086027324e-04
9.128579598078907092e-04
1.061644643784844270e-03
1.171438015994974565e-03
1.222225289780317758e-03
7.813073585434667997e-04
1.115215047650486334e-03
8.842119714689105053e-04
9.455720016650886323e-04
1.095137867525891985e-03
1.195942348136688500e-03
1.347932261018924610e-03
6.471389859428421359e-04
1.088458346308080350e-03
5.822084351545381287e-04
1.029482844750087773e-03
1.039748869793897775e-03
1.209280592838063873e-03
1.271182272474955834e-03
1.049153495446263594e-03
1.304445697511910206e-03
1.155598272657192916e-03
1.231210325155770741e-03
1.009487114057912088e-03
7.915997618577912988e-04
8.040657923900943697e-04
1.208976503594167513e-03
1.222920870762003688e-03
9.601621557214453685e-04
1.086426136547395498e-03
7.780742603486045638e-04
8.818186776884085702e-04
9.544374556281840904e-04
1.049085817283896540e-03
1.105226785637126270e-03
8.784348814192223173e-04
1.464840870138160982e-03
8.719268650891447148e-04
6.331311508080978822e-04
1.131478672718867371e-03
1.056062128105258145e-03
6.960068948983530023e-04
9.076211226444646282e-04
6.776009275800450992e-04
9.912915734781905467e-04
9.639894786102282207e-04
1.009324181330647141e-03
8.205716593030127660e-04
8.615471750120944940e-04
1.085660067408978149e-03
9.122433561570323333e-04
8.660158355344356202e-04
1.256527042947155719e-03
8.284251916242633702e-04
1.008460997891405444e-03
8.927873568476210348e-04
7.689932688395976525e-04
1.139557632320188207e-03
6.459533783225530814e-04
1.075267923835396397e-03
7.425342179905448751e-04
9.960042955129938362e-04
1.053969774004376954e-03
9.359612856348711353e-04
7.845169617956844043e-04
1.182242112917801860e-03
1.119480978050407544e-03
1.306350808781409209e-03
5.549784097594840726e-04
6.672356745220865866e-04
7.618278703968573134e-04
1.006701682918092122e-03
9.493381154037242118e-04
1.744527440492385246e-03
1.149395932065549845e-03
8.234502243937296025e-04
9.472067041983529747e-04
1.193109497967592431e-03
1.217697958759426241e-03
7.982341178971261858e-04
1.457382069936620853e-03
1.080252584231343720e-03
1.078341040854732379e-03
6.543534152201554467e-04
8.531785674590992505e-04
9.655102194596405004e-04
1.102322805889629749e-03
1.005410800188822305e-03
9.317303195543792400e-04
8.509401433285331863e-04
1.011005157658440056e-03
2.438935960688489411e-03
1.033703460279811626e-03
7.792208086086272779e-04
1.017885106874990469e-03
1.157040847919679587e-03
1.332351437075447080e-03
1.376561578040940304e-03
9.723190270590404728e-04
1.051379889403670359e-03
8.802401276058822565e-04
1.273024586486431022e-03
9.356816626679002099e-04
8.791564066374666156e-04
6.625015628099646670e-04
1.165177257978990697e-03
1.035423276647079753e-03
8.460994847863845432e-04
7.277247938975420129e-04
1.082384580671556882e-03
1.190244034450062835e-03
1.362110023732590472e-03
9.236791286501948306e-04
1.324325428013718980e-03
1.356481721405921638e-03
1.165118638682818798e-03
8.836028135406413624e-04
1.203182910052194316e-03
9.996869388677334049e-04
5.548690985274372291e-04
8.504834302577369588e-04
8.582519399883727085e-04
1.779432066250769473e-03
1.578185062928681324e-03
1.499207170426225446e-03
1.005684940160758451e-03
7.385488063743656136e-04
1.099256641375102612e-03
1.082741316436289843e-03
1.106968455262120812e-03
9.883234422775424334e-04
1.132304501182573950e-03
6.752776007135515533e-04
8.976002393998679021e-04
9.053603814661143577e-04
