5.000000000000000000e+00
7.803215849964054707e-01
4.002631752433915002e-01
1.389496451353940953e+00
1.441368556109670740e+00
2.229998074493388938e-01
-1.708691753603380548e+00
4.146032263425450948e-01
-1.786116560186824742e+00
6.489935071690577928e-01
1.282876280350718767e-01
-1.741296761838992513e+00
4.202096495849809155e-01
1.267071323347079170e+00
1.419245687982751969e+00
-2.752256420548426341e+00
4.164224188101294244e-01
7.438628680385412917e-01
-2.144375169726183028e+00
-1.826491666436411920e+00
-2.535783636765570837e+00
-7.840106242601050379e-01
-2.304676962967770582e+00
-4.215216988829214029e-01
-1.620669164660447636e+00
-1.241003527024355346e+00
2.775938744548404724e+00
3.031420461422769108e-01
3.295701036793552419e-02
2.275693453209610695e-01
3.170435547365236584e+00
4.236202562061552879e-01
-1.593249305146593908e+00
1.324304472367618501e+00
-4.209397347072616480e-01
7.137884115493624559e-01
-4.508686885704642489e-01
3.842324401360674435e-01
4.633150277536306483e-01
1.858930432020375001e+00
3.170507352967278258e+00
-9.964495969736781866e-01
2.129308166409496827e+00
2.696576482639664096e+00
1.133347943360000221e+00
-1.275027409067867046e+00
-6.494677692310366623e-01
1.210621639825011808e+00
-2.589829556869710725e+00
-9.203824807796461283e-01
-1.984587498959891505e+00
-1.341418879643331730e+00
5.900906706749348141e-02
-4.702611573792438993e-01
-6.095863986076591745e-01
-1.730263491324012914e+00
2.683422072319031848e+00
-3.197394560047515100e-01
-2.323474930247031889e+00
-4.363815880670808833e-01
-2.784412389426139667e-01
-7.293983147098994646e-01
-3.329370988235004436e+00
-2.241231792025630831e-01
-1.280087753160044528e+00
-1.711981992936348895e-01
1.156978476554200386e+00
-8.255104341390130385e-01
1.471067097624234599e+00
2.182501853270309766e+00
3.209824155958222569e+00
-6.980291395462068227e-01
9.812406655576512149e-01
3.300746862376598756e+00
-3.719675005526470457e-01
-2.304425598521043783e-01
-7.127988376554935668e-01
1.273397429101145395e+00
-4.194968964875330220e-01
3.412827558650458060e-01
7.404944185780636401e-01
-6.867563244983783122e-01
3.120439909009629975e+00
9.906501567127117269e-01
-1.551507403874314850e-01
-4.981485733445070729e-01
1.683701932362888787e+00
1.749959905347040490e-01
-3.866171525810720322e+00
-5.352537551564159335e-01
-1.647020887260025379e+00
-1.519203002305180128e+00
-2.263362310678791456e+00
-1.603641074299489544e+00
-6.177500187699485057e-01
-6.992238479450207933e-01
1.873150064279929250e+00
-1.884202908851804636e+00
-1.331128509312773378e-02
1.865913482438174453e+00
3.090169943749678794e-01
-1.493662669132245657e+00
-1.656356046196296727e+00
1.902787486212287327e+00
-1.622149795818828455e+00
-7.978075313010555281e-01
5.602720813892443641e-02
1.645240878543831609e-01
1.965294440041574608e+00
1.184083669526250215e+00
2.036147794772508846e+00
2.228694836349184305e-01
3.800601041265140534e+00
2.514055836498587215e+00
-1.140486590487173268e+00
8.418161850362315679e-01
9.284223068582168059e-01
7.342227025303391663e-01
-2.730683336144426487e+00
-1.475176464635962748e-01
8.677436381826271472e-02
-9.072716439053714055e-01
9.937071455657279229e-01
-1.171500638752084100e+00
4.346889330175931487e-01
5.857864376268776541e-01
1.463964300524666307e+00
-1.735167157666796633e+00
-2.196591339163400658e+00
1.501057804143406615e+00
-2.160441171155529361e+00
-2.664071250198470242e+00
-2.631451713858496078e+00
-3.528274907022154738e-01
-1.264568690490871727e+00
-1.713641479892433539e+00
6.418497722625341462e-01
-1.149023884635270942e+00
2.210415483287659022e+00
1.417683320212360432e+00
7.157329331518136328e-02
8.832626124065384721e-02
1.684923502474398482e+00
2.124435426968573015e+00
-2.744736137672930010e+00
4.029734655357694040e-01
9.219570413167149647e-01
2.439662268565998549e-01
-7.163096098643967347e-02
2.256644184150025101e-01
2.211130026965269835e+00
7.675965660559610493e-01
3.291938255007801573e+00
4.609220162124014752e-01
3.111058994180901927e-01
2.666830290061811937e+00
7.057672606104812285e-01
-1.039296027325647298e+00
-2.558048242038948317e+00
1.324444337792963111e+00
-1.540483948588267316e+00
-2.747022613297577021e+00
-7.332966113381793605e-01
-1.152721221860492973e+00
4.118711718935077482e-01
-8.972463844165168290e-01
3.769402594452652133e-01
-1.324956527366476511e+00
6.619550764783350694e-01
1.322345183503381705e+00
-3.091468612341935263e+00
-1.225615371319537017e+00
-5.402681608861180651e-01
-6.743621567035007480e-02
-3.232746878781108002e+00
-1.343117666537937627e+00
1.189734856110869377e+00
-7.740906708848517281e-01
1.499509751728661522e+00
2.977006368748427168e-01
1.668797670406634071e+00
1.981389867641051961e+00
2.564410331873614446e+00
9.506351040241529660e-01
-1.207569944624174330e+00
3.134087615138937188e+00
3.779845332822932003e-01
-1.171484141232788989e+00
-8.323315693972217488e-01
1.188159901000508611e+00
1.090652972914757157e+00
-1.166492652751501602e+00
1.879164014180215725e+00
1.272780976036544942e-01
1.728098962684816886e+00
1.613670296796687831e+00
-4.829633298075610148e-01
-5.682326815861488134e-01
-3.582298109781968387e-01
1.125841836255695227e+00
-4.045084971874710611e+00
-2.388428682934933267e+00
-2.894096110105461861e-01
-1.680019803951813051e+00
-1.849219984293136276e+00
-1.974491564734448534e+00
1.036622370942115179e+00
-7.981202096713024829e-01
1.010833288071057101e+00
1.163990996740048994e-01
-1.298226715411582077e+00
1.629317444155083283e+00
1.524180739680639496e-01
-8.786803261129837450e-01
-2.674372294825122953e+00
1.319156819063570740e+00
5.337843173119851681e-01
-2.154230507479382162e+00
9.052615773747076933e-01
9.739357288214570696e-01
2.434186441995914940e+00
9.708552007189955591e-01
2.229535907442097731e+00
1.456127106673016369e+00
1.432562936828644107e+00
3.351103553421716175e+00
-1.258816360585892635e+00
-4.230579184069579446e-01
4.869425979431355467e-01
8.574004357927206277e-01
-2.038403862435933966e+00
-2.007777156367913651e+00
1.915976451801048697e+00
-8.178131203778560288e-01
3.041545385264604606e-01
-2.576875262461857385e-01
3.176496906765203243e-01
5.310200741400514790e-01
-1.636285106588519778e-02
-2.607900084328745871e-01
-3.589504710094221007e+00
2.878449781865591861e-01
-8.872447437343125021e-01
-3.323856374848900952e+00
-2.539562754046806425e+00
-6.037926056023652510e-01
7.397550257953577901e-01
-2.419748976965475862e+00
8.984939930764285210e-01
7.216135704953861030e-01
1.000000000000025313e+00
1.944796921998668715e+00
-2.384771517318273748e-02
5.169323093719120354e-01
6.437447071012014632e-02
2.396651672919503984e+00
-1.597131981500900633e+00
-1.607086119608352126e+00
2.074537906673556087e+00
6.177539803166086640e-01
3.789540951636651833e-01
-2.374920556748886247e-01
3.176619936834464752e+00
1.511662806251686586e+00
1.429375720932949845e+00
1.990645985162281306e+00
-6.074618088259543525e-01
1.688531431206862887e+00
2.512151501707580170e-01
-8.672909289023916779e-01
-3.033163411095370243e+00
-3.716229312197698587e-01
6.089105911473212673e-01
-3.605553453918129314e+00
-8.621082419199975755e-01
-2.129225433317030181e-01
7.186438134504469222e-01
-8.888996827204229678e-01
-3.149469088737515965e-01
3.550645451414551346e-01
-1.284919501557086896e+00
1.258712721490905739e+00
-2.318294496484636813e+00
-2.337128327051964938e+00
-6.773831355316310976e-01
-3.579486191756753311e-02
-1.583800362999727263e+00
-2.797205297078766861e+00
2.454995893833562537e+00
6.431892848141604890e-01
6.287879809952947596e-01
1.274038424014416693e+00
1.696902707492164541e+00
2.430221676117599205e+00
9.435133187816210354e-01
1.929175483020646675e+00
-1.408670674215108942e+00
1.145916862011183035e+00
1.677894157910883699e+00
-1.525448765519437755e+00
-8.090169943749998538e-01
5.508834839445931886e-01
2.693351665310099285e+00
-1.194571917207683409e+00
7.515434401985578994e-01
1.990103550070743799e+00
5.270960917063729489e-01
1.337435508183043797e+00
-9.165508912096922423e-01
-3.966846205119104463e-01
-1.647535450800079015e+00
1.746433555799107307e-01
-2.283330136634469820e+00
-4.242823783604378285e+00
1.616441347587775912e-01
-8.639386263239868802e-01
-1.347068108022655419e+00
-2.178647444718620818e+00
1.297898541385138271e+00
9.254448904168216528e-01
-8.808982885881785352e-01
1.126713601002811593e+00
-1.188355039901415777e+00
6.221304222419993257e-01
9.457369499577983341e-03
-7.173798063769503131e-01
-1.996776496012683033e+00
-4.931874251091591388e-01
2.572918780602279742e+00
-1.730733406636093541e+00
2.858430896660787424e-01
2.128055978002182158e+00
2.786711215153046872e+00
1.396397306260474203e+00
8.891366457689559022e-01
2.943928358291313607e+00
2.415530059678439034e-01
2.083282878427883400e+00
-2.471563929835694506e-01
-1.564461482677422799e+00
1.626332176719244016e-01
2.934666952805788931e-01
-4.027885652002278771e-01
-3.117669271734682557e+00
1.757654288585773994e+00
1.078238727522887519e+00
-8.821714304100731763e-01
7.551551021812868969e-02
5.689226245533274273e-02
9.762861805964051509e-01
-1.593096038215345178e+00
-3.216148527466486939e-01
-2.736638428598872519e+00
-1.956409128219939619e+00
1.460878498719107021e-01
-3.039994642479838305e+00
-2.275303359174642548e+00
-1.014960186054201463e+00
2.009700834071412423e+00
-1.146546357782689762e+00
-6.779519650278578169e-01
2.585845524159692044e+00
7.231838132267076613e-01
1.480909676387540674e+00
-2.155528665395550769e-01
7.379867347195897542e-01
-1.889624168033290919e-01
8.195202225273774399e-01
5.221834923791915939e-01
-2.563219707974444539e+00
1.831665742557496035e+00
1.755517982608454375e+00
8.412152369852371470e-01
-1.940279571150319293e-01
2.454755582344623210e+00
3.414213562373065169e+00
-3.043622701273552833e-01
1.674026714748825917e+00
-1.215807817912191169e-01
3.023208753242538349e-01
-1.643877142990817497e-01
-1.379464484371514477e+00
-2.004927908346660459e+00
-2.282022777248310597e+00
1.537466795384605067e+00
-2.318803864466537412e+00
-2.030837510055106154e+00
6.284298344491072719e-01
9.265311196093302115e-01
-1.811863420495705146e-01
-1.893001208142327751e+00
1.238431252609907940e+00
-1.254434685192450605e+00
-6.205435142885610267e-01
-1.087431103944093813e+00
-2.833973194302404242e+00
-6.599174731611637812e-01
-4.700766590291054481e-01
1.793648347028817813e-01
-2.601971942014775774e+00
1.545084971874651769e+00
3.084237203697596463e+00
6.801141204256755390e-02
1.328832693213069849e+00
1.550732231152268437e+00
2.971794654790970380e+00
3.140152392030348683e-02
8.767824000137569573e-01
1.505539431281429918e-01
-8.373312067014625493e-01
1.972287322604038273e+00
-8.949942412670311986e-01
-6.668272737650811077e-01
1.546633095495495436e-01
2.907979583615417862e+00
6.178158508126595505e-01
-1.280103586882617606e+00
2.741755312664957867e+00
6.796311688245909588e-01
2.506305543454772078e-01
-1.402812761338013914e+00
-7.868660886578934255e-01
-1.302787914411682735e+00
-1.934541451654144817e+00
-6.972663581516566067e-01
-4.181195922232532780e+00
-7.391310875260744817e-01
3.813800450499441053e-01
-8.208466844101494075e-01
-1.614872392402550982e+00
1.277711848550949769e-01
2.825031424632875154e+00
-1.506865715511965131e+00
-1.055047150706922565e-03
-7.119264646122663853e-02
-2.968412356061164159e-01
-6.309930746020581127e-02
-1.243440968803118274e+00
-4.368393785762423320e-01
-1.436963334449509411e+00
2.637433270743071212e+00
5.307066387768253346e-01
-6.937160147076154582e-01
2.681536105588788743e+00
2.975750909251028808e+00
2.251984367088301298e+00
-5.474810058544108404e-01
2.704614449147924926e+00
1.136035737384465616e+00
-2.472128030250895503e-01
3.665535102098125275e-01
-1.805328641366697351e+00
-2.042265336313164870e-02
-3.661528890675080916e-01
5.054263169909578579e-01
-2.147600374654043520e+00
-9.920824173095427190e-02
2.920059420379216952e+00
-1.033197913700803383e+00
-5.631653487706494987e-01
-3.347193672083080829e-01
1.113668532850048187e+00
-1.810508038903693162e+00
-2.221798620841628047e+00
-1.032690746003359639e+00
-3.049734664267493844e+00
-1.740846230063424205e-01
-1.906590812626289377e+00
-1.877541749089357559e+00
-7.791956521716374429e-01
1.697937336626465177e+00
1.299327673258725557e+00
-1.966478698144175086e+00
2.533161174317380304e+00
1.766887937960788024e+00
5.749584719340021799e-01
-4.499912783121957638e-01
1.648724701292882955e-01
9.290916996971760877e-01
-9.157892581040726343e-01
1.338549007748931263e+00
-1.349883640945804375e+00
6.306393822344207312e-01
2.790902912527420288e+00
1.251179677083707809e+00
5.560658765497737965e-01
8.789408863650908232e-01
4.350977253649831233e+00
-1.060952726535109303e-01
-5.054483688726409962e-01
6.296205622922165235e-01
-5.422344707233517358e-01
-4.822839456453057450e-01
-2.328540197855554883e+00
-9.088865998568920190e-01
-2.422247653845405413e+00
4.061269655553775837e-01
3.007047783580332756e-02
-2.701578491931406756e+00
6.023144682687753271e-01
1.000000000000000000e+00
6.023144682689691720e-01
-2.701578491931577730e+00
3.007047783584676504e-02
4.061269655554145541e-01
-2.422247653845325033e+00
-9.088865998570747617e-01
-2.328540197855481164e+00
-4.822839456451959439e-01
-5.422344707236181893e-01
6.296205622923185530e-01
-5.054483688726499890e-01
-1.060952726535571156e-01
4.350977253649711329e+00
8.789408863652093951e-01
5.560658765498124323e-01
1.251179677083489983e+00
2.790902912527657875e+00
6.306393822343867583e-01
-1.349883640945859442e+00
1.338549007748948361e+00
-9.157892581039708269e-01
9.290916996971323449e-01
1.648724701291305328e-01
-4.499912783119414672e-01
5.749584719338495242e-01
1.766887937960741617e+00
2.533161174317486442e+00
-1.966478698144151549e+00
1.299327673258681148e+00
1.697937336626438309e+00
-7.791956521713822026e-01
-1.877541749089546741e+00
-1.906590812626118403e+00
-1.740846230062799149e-01
-3.049734664267623074e+00
-1.032690746003220195e+00
-2.221798620841860750e+00
-1.810508038903338335e+00
1.113668532849786841e+00
-3.347193672080652771e-01
-5.631653487705549077e-01
-1.033197913700984127e+00
2.920059420379478965e+00
-9.920824173148634628e-02
-2.147600374653938715e+00
5.054263169908334019e-01
-3.661528890674480285e-01
-2.042265336321025249e-02
-1.805328641366778619e+00
3.665535102101817877e-01
-2.472128030253009090e-01
1.136035737384513133e+00
2.704614449147575428e+00
-5.474810058542320945e-01
2.251984367088408767e+00
2.975750909250770793e+00
2.681536105589101826e+00
-6.937160147079812766e-01
5.307066387768957227e-01
2.637433270742980174e+00
-1.436963334449548269e+00
-4.368393785762209047e-01
-1.243440968803221303e+00
-6.309930746027042625e-02
-2.968412356061266855e-01
-7.119264646111378436e-02
-1.055047150399612832e-03
-1.506865715512034853e+00
2.825031424632652666e+00
1.277711848552425256e-01
-1.614872392402515455e+00
-8.208466844103795568e-01
3.813800450500976491e-01
-7.391310875255912016e-01
-4.181195922232845419e+00
-6.972663581518225850e-01
-1.934541451653713828e+00
-1.302787914411801751e+00
-7.868660886579321723e-01
-1.402812761337876690e+00
2.506305543454186990e-01
6.796311688244164317e-01
2.741755312665187017e+00
-1.280103586882367139e+00
6.178158508121992520e-01
2.907979583615249997e+00
1.546633095498143318e-01
-6.668272737650959847e-01
-8.949942412673101977e-01
1.972287322604234117e+00
-8.373312067012727011e-01
1.505539431277491680e-01
8.767824000137949270e-01
3.140152392054518238e-02
2.971794654790886003e+00
1.550732231152258889e+00
1.328832693213163774e+00
6.801141204247163063e-02
3.084237203697649310e+00
1.545084971874709723e+00
-2.601971942014663863e+00
1.793648347027350098e-01
-4.700766590290071933e-01
-6.599174731610074618e-01
-2.833973194302639165e+00
-1.087431103943969912e+00
-6.205435142885430411e-01
-1.254434685192556298e+00
1.238431252609740074e+00
-1.893001208142101266e+00
-1.811863420495369859e-01
9.265311196092037571e-01
6.284298344492542654e-01
-2.030837510055185646e+00
-2.318803864466489006e+00
1.537466795384592189e+00
-2.282022777248218226e+00
-2.004927908346706644e+00
-1.379464484371697219e+00
-1.643877142987353879e-01
3.023208753240849145e-01
-1.215807817913057143e-01
1.674026714748884537e+00
-3.043622701273284159e-01
3.414213562372992783e+00
2.454755582344488651e+00
-1.940279571148167959e-01
8.412152369849399403e-01
1.755517982608460148e+00
1.831665742557541554e+00
-2.563219707974490724e+00
5.221834923792600947e-01
8.195202225271820407e-01
-1.889624168033030571e-01
7.379867347193480587e-01
-2.155528665393963150e-01
1.480909676387643259e+00
7.231838132265331343e-01
2.585845524159779085e+00
-6.779519650276952802e-01
-1.146546357782622483e+00
2.009700834071258768e+00
-1.014960186053849966e+00
-2.275303359174601248e+00
-3.039994642480134956e+00
1.460878498722478769e-01
-1.956409128219928295e+00
-2.736638428598806794e+00
-3.216148527467487250e-01
-1.593096038215389809e+00
9.762861805963838346e-01
5.689226245511369573e-02
7.551551021846020229e-02
-8.821714304100283233e-01
1.078238727522846885e+00
1.757654288585723368e+00
-3.117669271734653691e+00
-4.027885652001297334e-01
2.934666952804327877e-01
1.626332176721166922e-01
-1.564461482677843351e+00
-2.471563929832981121e-01
2.083282878427934026e+00
2.415530059678487884e-01
2.943928358291343805e+00
8.891366457686700198e-01
1.396397306260710236e+00
2.786711215152799515e+00
2.128055978002421078e+00
2.858430896659941434e-01
-1.730733406636048910e+00
2.572918780602449829e+00
-4.931874251094164330e-01
-1.996776496012549362e+00
-7.173798063771892330e-01
9.457369499949019875e-03
6.221304222419040686e-01
-1.188355039901590526e+00
1.126713601003035858e+00
-8.808982885880913827e-01
9.254448904169291223e-01
1.297898541384763238e+00
-2.178647444718475157e+00
-1.347068108022620780e+00
-8.639386263239161590e-01
1.616441347588664090e-01
-4.242823783604601218e+00
-2.283330136634818430e+00
1.746433555800512294e-01
-1.647535450799902712e+00
-3.966846205121573599e-01
-9.165508912097828365e-01
1.337435508183076216e+00
5.270960917062079698e-01
1.990103550070725591e+00
7.515434401990299662e-01
-1.194571917207753575e+00
2.693351665309966947e+00
5.508834839448203402e-01
-8.090169943748652948e-01
-1.525448765519620942e+00
1.677894157910671424e+00
1.145916862011526538e+00
-1.408670674215311669e+00
1.929175483020378667e+00
9.435133187817569267e-01
2.430221676117571228e+00
1.696902707491933171e+00
1.274038424014509951e+00
6.287879809952998666e-01
6.431892848139358909e-01
2.454995893833753495e+00
-2.797205297078341424e+00
-1.583800363000085198e+00
-3.579486191788738836e-02
-6.773831355315578229e-01
-2.337128327051965826e+00
-2.318294496484803346e+00
1.258712721490852005e+00
-1.284919501557097554e+00
3.550645451414666254e-01
-3.149469088737152367e-01
-8.888996827202936268e-01
7.186438134502453057e-01
-2.129225433316195293e-01
-8.621082419198542457e-01
-3.605553453918112883e+00
6.089105911473580157e-01
-3.716229312195243328e-01
-3.033163411095218809e+00
-8.672909289028296609e-01
2.512151501707141632e-01
1.688531431206867772e+00
-6.074618088260772542e-01
1.990645985162435183e+00
1.429375720933024674e+00
1.511662806251755420e+00
3.176619936834313318e+00
-2.374920556747817102e-01
3.789540951637788702e-01
6.177539803163063503e-01
2.074537906673692866e+00
-1.607086119608366781e+00
-1.597131981500950815e+00
2.396651672919420051e+00
6.437447071037483148e-02
5.169323093718564133e-01
-2.384771517349149050e-02
1.944796921998971362e+00
9.999999999999235056e-01
7.216135704956460062e-01
8.984939930764844762e-01
-2.419748976965307552e+00
7.397550257953939834e-01
-6.037926056022313581e-01
-2.539562754046561732e+00
-3.323856374849107009e+00
-8.872447437341545173e-01
2.878449781866155854e-01
-3.589504710094206352e+00
-2.607900084330162516e-01
-1.636285106571955250e-02
5.310200741402255620e-01
3.176496906763111028e-01
-2.576875262459470406e-01
3.041545385265307377e-01
-8.178131203779563929e-01
1.915976451800961877e+00
-2.007777156367989591e+00
-2.038403862435719471e+00
8.574004357925035791e-01
4.869425979433464891e-01
-4.230579184071154852e-01
-1.258816360586002325e+00
3.351103553421830306e+00
1.432562936828584821e+00
1.456127106672992388e+00
2.229535907441731357e+00
9.708552007194054534e-01
2.434186441995892736e+00
9.739357288212610042e-01
9.052615773749432826e-01
-2.154230507479509171e+00
5.337843173120668805e-01
1.319156819063169728e+00
-2.674372294824990615e+00
-8.786803261130423648e-01
1.524180739680378593e-01
1.629317444155159889e+00
-1.298226715411910037e+00
1.163990996742141765e-01
1.010833288070835501e+00
-7.981202096709756333e-01
1.036622370941994831e+00
-1.974491564734447868e+00
-1.849219984293005936e+00
-1.680019803952163659e+00
-2.894096110102885033e-01
-2.388428682935384462e+00
-4.045084971874842950e+00
1.125841836255571771e+00
-3.582298109781681950e-01
-5.682326815861209468e-01
-4.829633298078456205e-01
1.613670296797002246e+00
1.728098962684414541e+00
1.272780976036326228e-01
1.879164014180164433e+00
-1.166492652751383474e+00
1.090652972914955665e+00
1.188159901000126251e+00
-8.323315693968709184e-01
-1.171484141232953302e+00
3.779845332820176429e-01
3.134087615139228511e+00
-1.207569944623855696e+00
9.506351040236176164e-01
2.564410331873702376e+00
1.981389867641196956e+00
1.668797670406678479e+00
2.977006368748998932e-01
1.499509751728846929e+00
-7.740906708847767881e-01
1.189734856110812533e+00
-1.343117666537591459e+00
-3.232746878781056488e+00
-6.743621567064672639e-02
-5.402681608859535300e-01
-1.225615371319279667e+00
-3.091468612342112010e+00
1.322345183503303989e+00
6.619550764785349095e-01
-1.324956527366556891e+00
3.769402594449221544e-01
-8.972463844162383850e-01
4.118711718934929822e-01
-1.152721221860614653e+00
-7.332966113380849915e-01
-2.747022613297627203e+00
-1.540483948588341478e+00
1.324444337792753945e+00
-2.558048242038923004e+00
-1.039296027325864902e+00
7.057672606102989299e-01
2.666830290062021547e+00
3.111058994179281556e-01
4.609220162123308651e-01
3.291938255007715419e+00
7.675965660560739590e-01
2.211130026964973627e+00
2.256644184149796395e-01
-7.163096098618054741e-02
2.439662268562633740e-01
9.219570413168227674e-01
4.029734655357017914e-01
-2.744736137673009058e+00
2.124435426968363849e+00
1.684923502474527046e+00
8.832626124080295016e-02
7.157329331485701163e-02
1.417683320212551390e+00
2.210415483287861971e+00
-1.149023884635378412e+00
6.418497722624901813e-01
-1.713641479892409336e+00
-1.264568690490756930e+00
-3.528274907025981122e-01
-2.631451713858092845e+00
-2.664071250198300156e+00
-2.160441171155855322e+00
1.501057804143456798e+00
-2.196591339163477929e+00
-1.735167157666613225e+00
1.463964300524239537e+00
5.857864376268671069e-01
4.346889330175812693e-01
-1.171500638752192236e+00
9.937071455659663988e-01
-9.072716439055235060e-01
8.677436381836853285e-02
-1.475176464638136009e-01
-2.730683336144328344e+00
7.342227025301302223e-01
9.284223068581857197e-01
8.418161850365506460e-01
-1.140486590487437057e+00
2.514055836498830132e+00
3.800601041265050384e+00
2.228694836349520703e-01
2.036147794772457331e+00
1.184083669526308613e+00
1.965294440041767565e+00
1.645240878541555651e-01
5.602720813925163301e-02
-7.978075313008833325e-01
-1.622149795818808693e+00
1.902787486212265122e+00
-1.656356046196165721e+00
-1.493662669132050036e+00
3.090169943746452486e-01
1.865913482438632753e+00
-1.331128509300216756e-02
-1.884202908851947633e+00
1.873150064280008742e+00
-6.992238479448955601e-01
-6.177500187696942646e-01
-1.603641074299833935e+00
-2.263362310678358025e+00
-1.519203002305154815e+00
-1.647020887260110644e+00
-5.352537551563406604e-01
-3.866171525810771392e+00
1.749959905349263156e-01
1.683701932362518416e+00
-4.981485733443681285e-01
-1.551507403875488356e-01
9.906501567127767860e-01
3.120439909009778301e+00
-6.867563244987155979e-01
7.404944185782231791e-01
3.412827558647457127e-01
-4.194968964874046247e-01
1.273397429101021050e+00
-7.127988376554135197e-01
-2.304425598520646323e-01
-3.719675005527661726e-01
3.300746862376897184e+00
9.812406655570904412e-01
-6.980291395461579729e-01
3.209824155958145742e+00
2.182501853270383929e+00
1.471067097624137787e+00
-8.255104341393260103e-01
1.156978476554644031e+00
-1.711981992936221775e-01
-1.280087753160158437e+00
-2.241231792028248737e-01
-3.329370988234686912e+00
-7.293983147102570674e-01
-2.784412389426319523e-01
-4.363815880668793223e-01
-2.323474930247155790e+00
-3.197394560047609469e-01
2.683422072319250784e+00
-1.730263491323791758e+00
-6.095863986078677854e-01
-4.702611573792334632e-01
5.900906706773750843e-02
-1.341418879643470286e+00
-1.984587498959835772e+00
-9.203824807793288265e-01
-2.589829556869715610e+00
1.210621639824765783e+00
-6.494677692308445938e-01
-1.275027409067664985e+00
1.133347943359480636e+00
2.696576482639503780e+00
2.129308166409742853e+00
-9.964495969737628966e-01
3.170507352967213421e+00
1.858930432020505119e+00
4.633150277538957695e-01
3.842324401357630204e-01
-4.508686885704501490e-01
7.137884115495052306e-01
-4.209397347073643436e-01
1.324304472367772600e+00
-1.593249305146524630e+00
4.236202562061434085e-01
3.170435547364883533e+00
2.275693453212742634e-01
3.295701036788600824e-02
3.031420461420359924e-01
2.775938744548561932e+00
-1.241003527024505226e+00
-1.620669164660237582e+00
-4.215216988827504285e-01
-2.304676962967699083e+00
-7.840106242602490338e-01
-2.535783636765535753e+00
-1.826491666436221184e+00
-2.144375169726475239e+00
7.438628680386513148e-01
4.164224188102823576e-01
-2.752256420548442328e+00
1.419245687982490400e+00
1.267071323347145784e+00
4.202096495852029601e-01
-1.741296761839404406e+00
1.282876280353037468e-01
6.489935071693794244e-01
-1.786116560186891355e+00
4.146032263424168640e-01
-1.708691753603435837e+00
2.229998074494556892e-01
1.441368556109261290e+00
1.389496451353812390e+00
4.002631752434447909e-01
7.803215849962376049e-01
