1.448393769026363
1.4052916888900648
1.3208316104803617
1.198405745645074
1.0428693559295705
0.8602796276442624
0.6575767699483756
0.44222929318753
0.22186733396688976
0.003927892772640487
-0.2046660235572481
-0.39777390979132793
-0.5702403567111896
-0.7180239311538368
-0.838250667872566
-0.9291964514194359
-0.9902078332186733
-1.0215749751950298
-1.0243731135596967
-1.0002900112344557
-0.9514562852149472
-0.8802933794258807
-0.7893905662564514
-0.6814180740368441
-0.559078700128173
-0.4250955572857856
-0.28222937650280455
-0.13331545603048678
0.018691788563060266
0.17067946986817803
0.3193541877561602
0.4612474055005632
0.5927552173691222
0.7102155664150676
0.8100216677938626
0.8887661336034007
0.9434065024062667
0.9714399230730647
0.971072916776419
0.9413716205933339
0.8823787530692804
0.7951856592119296
0.6819509931231609
0.5458615852471878
0.39103545297813885
0.22237134927148428
0.04535330936782281
-0.13417800258864654
-0.3102730072753792
-0.47712469213016045
-0.6293086718871719
-0.7619979485368763
-0.8711408543124649
-0.95359382994882
-1.0072043536241075
-1.0308431489615257
-1.0243884189805956
-0.988667965954034
-0.925367415644054
-0.8369142028806806
-0.7263474249515397
-0.5971831604052983
-0.45328350691834424
-0.2987356129523831
-0.13774461796150814
0.025458045093387952
0.18669181660380704
0.3418923432503668
0.48716892951353924
0.6188585919747055
0.7335809772972891
0.8282974803445955
0.9003764044767205
0.9476641344585389
0.9685602764567937
0.962092806886691
0.9279876982559587
0.8667264549832678
0.7795846375375749
0.6686448494739565
0.5367788005662203
0.38759485415016853
0.22534976328606765
0.054825891029835566
-0.11882214403488231
-0.29024500138739096
-0.45409190222818463
-0.6052098118686855
-0.7388379907091579
-0.8507875105001869
-0.9375962519068035
-0.9966515250540692
-1.0262746371133518
-1.0257642726196432
-0.9953982277972773
-0.9363956189493797
-0.8508439530926845
-0.7415972297561615
-0.6121524125647176
-0.4665121076232638
-0.3090411195488092
-0.14432379584618119
0.022972158960759482
0.18822125211791502
0.3469526605197699
0.4949486703355962
0.6283295426725335
0.7436262341721895
0.8378429354424616
0.9085114461073568
0.9537390128892962
0.9722504989852045
0.963424753776604
0.927323963899696
0.8647137522915728
0.7770710052383869
0.6665759774782356
0.5360852410705537
0.38908254424973443
0.22960561659004408
0.06214832795732197
-0.10846073420346015
-0.2772004117090583
-0.43901522979183066
-0.5889835880922897
-0.7224885266429057
-0.8353830013695506
-0.9241414692625594
-0.9859900475354487
-1.0190085478962596
-1.0221992179931496
-0.9955189238435517
-0.9398736236742051
-0.8570761418057724
-0.7497702771788968
-0.6213260170400684
-0.4757119451226796
-0.31735175040741354
-0.15097202129365994
0.018551734265641436
0.1863446068119897
0.34767216862470646
0.49806684010207886
0.6334382325616067
0.7501662785730319
0.8451770957531549
0.9160023851786078
0.9608236827149869
0.9785029450370738
0.9686007893819206
0.9313832831004297
0.8678175917100686
0.7795561564196805
0.668908502633461
0.5387993891134905
0.39271188065011403
0.23461412037181575
0.06886910743000144
-0.09987237337352693
-0.26679443567237915
-0.4270519173816736
-0.575915608906014
-0.7089219774577263
-0.8220215421812848
-0.911719454099035
-0.97520165473401
-1.0104402724323636
-1.016272668208284
-0.992449722329306
-0.9396504779825926
-0.8594620160337957
-0.7543252903407645
-0.6274494627781741
-0.4826989023653296
-0.32445833280376063
-0.15748253538690557
0.013262515290826678
0.18276020075761407
0.3460990445496305
0.4986180921054634
0.6360373262366563
0.7545698071651484
0.8510135152639254
0.9228220890291801
0.9681546907702614
0.9859060246379147
0.9757180352802199
0.9379750255239789
0.8737838773910963
0.7849408015145259
0.6738856564222457
0.5436444636459331
0.3977603900057467
0.240213256811935
0.07532762866337334
-0.09233023438985659
-0.25806580694173964
-0.41717867757037375
-0.5650916191136186
-0.6974832044879777
-0.8104199731677426
-0.9004834447297878
-0.9648868036780673
-1.001575921773848
-1.0093095910888137
-0.9877144306867037
-0.9373108840867903
-0.8595079903267945
-0.7565661047995778
-0.6315283603245423
-0.4881232742199638
-0.33064240163362557
-0.16379819672871834
0.007431820880282029
0.17796795080073585
0.3427914773565839
0.49710163246772554
0.6364605319516041
0.7569212225121081
0.8551351464157025
0.9284366031414475
0.9749030541416697
0.9933912788279567
0.9835503655238889
0.945813254151163
0.8813690112488428
0.7921182168127134
0.6806138093354231
0.5499895268328964
0.4038777700456844
0.2463183787414051
0.08165952961262793
-0.08554820086566527
-0.25066356832728365
-0.40907096820584526
-0.556299747778621
-0.6881444595588267
-0.8007834203513009
-0.8908923611828315
-0.9557494508996839
-0.9933276325892902
-1.0023700987517248
-0.9824449009654499
-0.9339751697175152
-0.8582422075541151
-0.7573597806321246
-0.6342192086159368
-0.4924062559407427
-0.33609225839580853
-0.16990327104483136
0.001227806406227637
0.1722202723353884
0.33800942098933645
0.49370850345667466
0.6347624692410101
0.7570876795599182
0.8571926685720687
0.9322761481924102
0.9802997128226574
1.0000340019804488
0.991078323805836
0.9538548447928594
0.8895793442410076
0.8002111741132657
0.6883854421339775
0.557330561442277
0.4107742217475834
0.2528405914203672
0.08794122550421173
-0.07933819745648343
-0.24435349077967342
-0.4025183112472702
-0.5494196997370806
-0.6809311876912707
-0.7933216391660991
-0.8833576961068308
-0.948397351471578
-0.9864718566794815
-0.9963529462189963
-0.9776022982199835
-0.9306002979023977
-0.856551564236222
-0.7574653478743153
-0.6361097929620342
-0.49594013329675446
-0.34100209826964667
-0.17581305278348744
-0.00522459514569801
0.16572860575690845
0.3319881233004867
0.4886330928650336
0.6310372059364706
0.7550152181078371
0.8569533332369734
0.9339186602118219
0.9837440207052723
1.005085633753777
0.9974525230688154
0.961207790804193
0.8975430889056597
0.80842862260176
0.6965417872967733
0.5651780421022047
0.41814785861275955
0.2596635751836295
0.09421977870028156
-0.07352951353554248
-0.23889402311298302
-0.39726831443122923
-0.5442487982975056
-0.6757448870816685
-0.7880827199028348
-0.8780999187922547
-0.9432297726076182
-0.9815731110161252
-0.9919559765850055
-0.9739710870988763
-0.9280010612003405
-0.8552215097191899
-0.7575824100615351
-0.6377666998997298
-0.49912574462159065
-0.3455922225096243
-0.18157198249483475
-0.011817493821673746
0.158713454406422
0.32500921679773537
0.48216059182385546
0.6255161501571276
0.7508306081750369
0.8544004220386479
0.933181268419313
0.9848828731154892
1.0080376960978599
1.0020412086145778
0.9671628191617835
0.9045278290810785
0.8160720366601749
0.7044716827962891
0.5730522806736341
0.4256804577393802
0.2666432464352925
0.10051930127828024
-0.06795367308309214
-0.2340113746198903
-0.39299182698538265
-0.5404579150154953
-0.6723112190466282
-0.7848953169611632
-0.8750871057273155
-0.940374958407835
-0.978922679512275
-0.9896182717802254
-0.9721065176489116
-0.926804356333883
-0.8548980547325543
-0.7583212769553799
-0.6397133938058838
-0.5023577657298415
-0.3501002874153623
-0.18724918509725086
-0.01845787369769315
0.15140644291461425
0.3174048756153144
0.47467531528047674
0.61858228151684
0.744862760740497
0.8497624945083267
0.9301573363537688
0.9836547624376936
1.0086713802094214
1.0044832878429393
0.9712473324772825
0.909992618834599
0.822582944706175
0.711652098405628
0.5805150648877572
0.4330590850966086
0.27361915005020765
0.10684286311682406
-0.062450328812016155
-0.22941072846695873
-0.389296410613735
-0.5376038503003437
-0.6701879990488789
-0.7833693437092084
-0.8740261415439634
-0.939670601482242
-0.9785082432369756
-0.9894800001360617
-0.9722868445197951
-0.9273968303854465
-0.8560345042284139
-0.7601526775676059
-0.6423866311637207
-0.5059909745073183
-0.35475964718555925
-0.1929299382061499
-0.025071913749805417
0.14403473780864554
0.30953375151822243
0.46663183571567335
0.6107406977886307
0.7376169944216986
0.8434953134077847
0.9252091861828614
0.9802952912954921
1.0070764534426437
1.0047197614774002
0.9732670893994595
0.9136364529610443
0.8275939003903335
0.7176969371674868
0.5872117363256478
0.4400075056862496
0.28043230099370725
0.11317523532269332
-0.056879591940912674
-0.22480204738982681
-0.3857626040705
-0.5351719284550202
-0.6688093152022149
-0.7829366405444327
-0.8743953317242281
-0.9406846665242292
-0.980020465555839
-0.9913738768566738
-0.9744904516194692
-0.9298900650530317
-0.858848459698845
-0.7633613082193412
-0.6460917484624575
-0.5103023810155772
-0.35977278352715064
-0.198703725191463
-0.031609485376191286
0.13679999706316623
0.30174500014257577
0.45850729088617204
0.6025636490534352
0.7297180087676742
0.8362281786139623
0.9189228374721968
0.9753044342295369
1.0036337832345996
1.0029925645197284
0.9733206077333386
0.9154257382430244
0.8309650484836675
0.7223976647302519
0.5929103335061268
0.4463183707594523
0.2869456194679729
0.11948797414641685
-0.05113430502415326
-0.21992988931719573
-0.38198961856456476
-0.5326342316528918
-0.6675516352080695
-0.7829194639730939
-0.8755095489020532
-0.9427718540595712
-0.9828963989819686
-0.9948525831927681
-0.9784061200211938
-0.9341144301979427
-0.8633018234851444
-0.7680161100709292
-0.6509684518812442
-0.5154583210691588
-0.3652854219044696
-0.20465039973436808
-0.0380461504830018
0.129858408385952
0.294340117352745
0.4507467041061179
0.594622775744141
0.7218338556303802
0.8286853118841311
0.9120327373589356
0.9693801555180154
0.9989623936619157
0.9998081258106077
0.9717804685444756
0.9155926216492765
0.8327968677585621
0.7257462465038825
0.5975293452115098
0.45187983143709237
0.29306351517433055
0.12574679084514143
-0.045148803360844814
-0.214600521302719
-0.3776410851492366
-0.5295122864043817
-0.6658099411511454
-0.782615156580014
-0.8766076312928804
-0.9451576537955002
-0.9863945099683319
-0.9992500851806583
-0.9834774772463557
-0.9396453594098915
-0.8691095997969162
-0.7739642257395166
-0.6569742088805525
-0.5214927505498461
-0.3713657943571234
-0.2108264248790629
-0.04438167559870648
0.12330588521824112
0.28753955148120597
0.4437106910395752
0.5874195985450793
0.7145927314039017
0.8215939233102759
0.905326989902952
0.9633269710949984
0.9938371435152852
0.9958689336446452
0.9692420111731976
0.9146021747151813
0.8334151737524751
0.7279353375004275
0.6011487786909467
0.45669196396383194
0.2987475322833572
0.13192032690533378
-0.03890239170547218
-0.20870173955011978
-0.37248357423626594
-0.5254346464924655
-0.6630727058808099
-0.781384991383168
-0.8769500934258634
-0.9470389834622909
-0.9896920121926255
-1.0037698060820852
-0.9889771653281441
-0.9458602063216486
-0.8757780266473777
-0.7808510428027887
-0.6638888200881051
-0.5283006612639605
-0.3779924476011315
-0.2172532545521367
-0.05063513223129056
0.11717080309690082
0.28145912274945395
0.4376331498252754
0.5813240705840785
0.7085040321666121
0.8155912839265376
0.8995454556410669
0.9579510389166366
0.9890870816291029
0.9919810625211913
0.9664449316388367
0.9130914276201382
0.8333290522669226
0.7293345200570164
0.604002111424359
0.46087013011170436
0.3040255632542646
0.13798901698271893
-0.03241701440105761
-0.20221256369179147
-0.36641251947046977
-0.520181510619929
-0.6589856598573349
-0.7787354842414496
-0.8759144937653544
-0.9476886110297618
-0.9919923723425008
-1.0075889192431493
-0.9941019790656893
-0.9520192834611071
-0.8826681017827784
-0.7881646934711553
-0.6713404430607217
-0.5356481831859127
-0.38505270583696244
-0.22390970349048345
-0.05683738493122113
0.11141518991902442
0.2760993670039496
0.4325945099938984
0.5765292197103998
0.7038938861444267
0.811142708830446
0.8952836413565846
0.9539549337939184
0.9854870698998862
0.988948947980405
0.964177172415787
0.911787352318329
0.8331663918429916
0.7304449461285206
0.6064495400563786
0.4646343209341712
0.30899303911854353
0.14395260085871162
-0.025749625288053354
-0.19520169957855635
-0.3594623199563065
-0.5137107461560863
-0.6533962908111811
-0.7743819197737667
-0.8730764735555793
-0.9465502929570868
-0.9926296029734408
-1.0099658538817564
-0.9980772882459757
-0.9573612298812948
-0.8890768951014465
-0.7952998214478426
-0.6788502099475596
-0.5431985083503439
-0.3923523650468273
-0.23072961739387557
-0.0630222283708584
0.10594393974240097
0.27134889610170404
0.4285136842155008
0.5730273862032207
0.7008630871975899
0.8084805912508175
0.8929142984770383
0.9518451741401751
0.9836561386158728
0.9874704769727219
0.9631730219942412
0.9114139351557227
0.8335949389158531
0.7318378894943115
0.608935670537834
0.4682855762053256
0.313805665861469
0.14983502310306876
-0.01898056920384773
-0.18781534736158073
-0.35179975609713143
-0.5061624610064034
-0.6463738872325914
-0.7682864832827742
-0.8682666131266101
-0.9433129422509761
-0.991156434946355
-1.0103376283736298
-1.0002576764899338
-0.9612007219002677
-0.8943263930191155
-0.801632558323626
-0.6858898104412056
-0.5505504103836923
-0.399635513038645
-0.23760534965507762
-0.06921761214151784
0.10062045773623862
0.2670008231460059
0.4251591364859654
0.5706104125970877
0.6992720975717075
0.8075715869183309
0.8925361180814803
0.9518637875823327
0.9839751645310918
0.9880455497800398
0.9640183442373705
0.9126002433334799
0.8352390900657272
0.734085235671964
0.6119372249344454
0.4721725966774468
0.3186646204410626
0.15568591897859974
-0.01219982101561429
-0.18025646429199005
-0.3437022838923808
-0.4978423951884199
-0.6382034949758525
-0.760667061763169
-0.8615967074515153
-0.9379550777435827
-0.9874056361649847
-1.0083948750462757
-1.0002109946062774
-0.9630158715385387
-0.8978481684493138
-0.806596658385626
-0.6919441782596529
-0.5572839919109027
-0.4066116433961242
-0.24439652278783183
-0.0754382709097289
0.09528624442475574
0.2627793760889215
0.42217663543634437
0.5688925808234419
0.698753790766646
0.8081149422544986
0.8939550349983915
0.9539518705183471
0.9865339274220243
0.9909096978394606
0.9670753085613523
0.9158018096825394
0.8386038634014035
0.7376917199758041
0.6159083617247818
0.4766535804561655
0.3237965890929079
0.16157861637502235
-0.005493150157337757
-0.17275888095090092
-0.3355251284967987
-0.4891877104993431
-0.6293561947748677
-0.7519772481991305
-0.8534536196850994
-0.9307550919936891
-0.9815174307470157
-1.0041252470305657
-0.9977748243445302
-0.9625133728281432
-0.8992518698931146
-0.8097496055669304
-0.6965697251384382
-0.5630063799772532
-0.4129854711215207
-0.25094230127652345
-0.08168064052162075
0.08978133081374788
0.2583720849290734
0.41912839740313024
0.5673512415309518
0.6987500174106556
0.8095699656213702
0.8966986309172278
0.9577484290674692
0.9911136340121476
0.9960013454236556
0.9724371287104386
0.9212469665572777
0.8440178718652267
0.7430399616801446
0.6212329835593552
0.48206024925898316
0.32943271690033854
0.1676056383065181
0.001069826332117419
-0.16556073083988318
-0.32766341430755297
-0.4807222784000587
-0.6204426502889909
-0.7428633438709769
-0.8444644654117748
-0.92226837593734
-0.9739309594945301
-0.9978200034032495
-0.9930773019735653
-0.9596611145272048
-0.8983658895110307
-0.810816731965051
-0.6994369358862678
-0.5673879906395268
-0.418482738349342
-0.25707372136842005
-0.08792011459517461
0.08396211999163908
0.25346119185555127
0.41553516439167165
0.5653756155401441
0.6985625764455597
0.8112044978104263
0.900057814783879
0.962621810292277
0.9972058248821498
1.0029673228243927
0.9799207870722602
0.9289187711718314
0.851607589923267
0.7503610106975952
0.6281958709936576
0.48867378443696824
0.33579302841981135
0.17387438206054068
0.007444175499393281
-0.15888279321619028
-0.3205184295366695
-0.473013094265245
-0.6121628211126631
-0.7341110911824045
-0.8354442588326764
-0.913279538086419
-0.965344127455867
-0.9900436394019019
-0.9865175899090459
-0.954679381072759
-0.8952380579923881
-0.8096992088804041
-0.7003427490065921
-0.5701759999681865
-0.42286142775997604
-0.26261958521858125
-0.09410913645399362
0.07771277951135877
0.24774527650327335
0.41090784269611075
0.5623073201348283
0.6974007439526936
0.8121470109609882
0.9031407648067521
0.967722731933638
1.0040619614244646
1.0112069219797248
0.9891040758132955
0.93858425338796
0.8613187643172517
0.7597485788007876
0.6369910029827509
0.4967289839644148
0.3430884860440811
0.1805092882197037
0.013614110230068319
-0.15291974204363845
-0.3144829111097765
-0.46664835398005733
-0.6052760954882714
-0.7266076822069213
-0.827350187389506
-0.9047498903273643
-0.9566557546872589
-0.9815725881966261
-0.9787033414629673
-0.947979483144328
-0.8900778738182522
-0.8064221567743192
-0.6991664864875541
-0.5711594997781435
-0.425886845213247
-0.26739133079825894
-0.10017079656702198
0.07094490236606739
0.24093500700817228
0.4047428482553183
0.5574392228230254
0.6943876209503705
0.8114041182700652
0.9049045445270397
0.972031845515786
1.0107573628488062
1.0199510240116092
0.999417074721335
0.9498938737074111
0.8730182594424049
0.7712569316264656
0.6478090147103089
0.506485353202354
0.3515710279650231
0.18767802003550688
0.019594871888317076
-0.1478603583686629
-0.30997850669799204
-0.46228496877829345
-0.6006498938323245
-0.721381557850658
-0.8213028059899331
-0.8978114345045523
-0.9489260214173618
-0.9733189709291272
-0.9703384144477493
-0.9400201616918374
-0.8830902087159366
-0.8009575052609144
-0.6956958965166055
-0.5700135193114866
-0.42720756948927974
-0.27110235558919293
-0.1059689627032925
0.06357432961582735
0.23268054926407164
0.39640967789353015
0.5498780827697108
0.6884168152583698
0.8077324865191466
0.9040634075256293
0.9743231359517008
1.016223598133621
1.0283705902203082
1.0103256913696372
0.9626303684986666
0.886790189830102
0.7852194257063427
0.6611487069843075
0.5185006339439001
0.36174009464625406
0.19570740453344848
0.025443108737288656
-0.14398665737840752
-0.307655964829169
-0.46092896320738214
-0.5995884141610422
-0.7199394331720499
-0.8188870467767685
-0.8939881308013925
-0.9434799666562544
-0.966288886229156
-0.9620231702172044
-0.930954478849183
-0.8739916512912179
-0.7926497958255206
-0.6890163450090949
-0.5657143440912642
-0.4258618713026899
-0.27302534687778657
-0.11116374142123833
0.055439532145345784
0.22225989907662572
0.3846319866901416
0.5378675220417308
0.6773893711356922
0.7988782873438328
0.8984269169292373
0.9726938387030839
1.0190491083420394
1.0357021147404832
1.0218026581723632
0.9775070784736414
0.9040029666428845
0.8034883761018492
0.6791043295687662
0.5348225572355955
0.37529353061509524
0.20566269449908428
0.03136508635498286
-0.14208994736505887
-0.3093316233359051
-0.4653262419052086
-0.605550744158853
-0.7261328581538473
-0.823952190589982
-0.8966998031569121
-0.942897077770044
-0.9618777159020775
-0.9537392498121482
-0.9192722334254764
-0.8598761678569755
-0.7774711321132995
-0.6744130634270377
-0.5534187912011538
-0.417504486233427
-0.26993841997617096
-0.11420615128288662
0.046016210304818325
0.2068868839402073
0.3644286945813067
0.5145720586177966
0.6532170187988509
0.7763187375511236
0.8799981346302715
0.9606761026112015
1.0152262819908895
1.0411380929790317
1.036678969880001
1.0010428558298574
0.9344712484531847
0.8383335985825529
0.7151556928731154
0.5685877075492204
0.4033076915864015
0.22486100287677419
0.039441279608156604
-0.1463765641664991
-0.32593652403078793
-0.49281678266888995
-0.6411400392077172
-0.7658584631264044
-0.8629941071734286
-0.9298184633171745
-0.9649590779281813
-0.968426423617469
-0.9415601217105206
-0.8868996252286888
-0.8079900935400228
-0.7091389312898031
-0.5951419138949983
-0.4709996795397838
-0.3416454731268298
-0.2117033768352122
-0.08529300801894499
0.03410789427312252
0.14373702247242282
0.24155706575076943
0.3262068676407368
0.39690481096110924
0.45331901073186787
0.4954213802223893
0.5233434421517592
0.5372508261225852
