0.8744243299424405
-0.583263426240632
-1.0684597662577415
0.22916362476358815
1.144070394143248
0.14599103848404288
-1.0958249200337706
-0.4990366906816916
0.9344004844592249
0.7919552292368838
-0.6841110021885788
-0.9971119432850721
0.37829666058754097
1.1003872762513704
-0.05355687303279073
-1.1017504715405766
-0.25600542317774017
1.0133676128550084
0.5234329287232954
-0.8558364740439974
-0.7316670203487443
0.6534853820059726
0.8740754076634036
-0.42979206847533885
-0.9529289521462454
0.2038552861390243
0.9764324402787372
0.011472186634314497
-0.9551758969089353
-0.2096193488981345
0.8989153601371107
0.38877600580237504
-0.8144182869493183
-0.5494339023925147
0.7047736142379352
0.6917776389200161
-0.5701605548111963
-0.8136766062992248
0.40969634769584623
0.90980935211101
-0.22373090367945958
-0.9721140641860747
0.015880372773624175
0.9913941749993311
0.20579965899630176
-0.9596090833524514
-0.4288454376709017
0.8722178813715438
0.6376357505696054
-0.7299518390610035
-0.8155612267335053
0.5395577708177078
0.9475879917018873
-0.3133284179136901
-1.0226119817560588
0.06754222577654069
1.0350768613511638
0.1798061418768828
-0.9855329665608447
-0.41145465060047587
0.8800876266659513
0.6129654337396421
-0.7289649158242456
-0.7740505701211027
0.544587119744188
0.8889455813261429
-0.33966556438387774
-0.9558965033743463
0.125733013657093
0.9760415512314956
0.08761344574130596
-0.9520922465635991
-0.29271119923326544
0.8872244184676606
0.4832410199743237
-0.7844826038396726
-0.6533680402833416
0.6468176908789768
0.7969892877742397
-0.4776716205203714
-0.9074048926371786
0.2818524424440859
0.9775838305571102
-0.06635359585542377
-1.0010043111082176
-0.15921548033166197
0.972868249361085
0.3828116703655518
-0.8913683783075882
-0.5908066454507609
0.7586570537432142
0.7693699769434975
-0.5812332784990859
-0.906107848315593
0.3696080146805095
0.991606874651844
-0.1372866571600888
-1.0205542728017278
-0.10072732089028047
0.9922118501804681
0.3295955925719896
-0.9101808543967657
-0.5361388934798341
0.7815632998200556
0.7098879432946127
-0.615757902094007
-0.8435463891501009
0.4231916863006248
0.9328781498027686
-0.21426838178456814
-0.9761738152083244
-0.0012783503715698581
0.9735401617779882
0.2145756696178634
-0.9262716709779213
-0.41743562981661064
0.8365029207816441
0.6020066126394673
-0.7072263380694603
-0.7604869974199648
0.5426259190645527
0.8851037404446795
-0.34856326774831825
-0.9684648789801344
0.13299007070523358
1.0042683779611836
0.09393219554033178
-0.9882272304182281
-0.3201518320347451
0.9189873322217008
0.5325148866360369
-0.7987937244874416
-0.7179219775312757
0.633707815888096
0.8646503489673187
-0.433279696084508
-0.9635864667552063
0.20970739393628823
1.0091296449153375
0.02336593724984746
-0.9996034444753482
-0.2521871203280589
0.9371271649110818
0.46411198750659627
-0.8270227837336255
-0.648504617878065
0.6769302191288785
0.797206508797311
-0.49585083367368926
-0.9045804755638642
0.29332536628517725
0.9672385385349878
-0.07888475854457551
-0.9836287881618956
-0.1381878835338578
0.953666846028709
0.3488488901313667
-0.8785526765420896
-0.5441799894529498
0.7608284107334424
0.7153376407393927
-0.6046337421013974
-0.8537082073422858
0.4160318903445946
0.9513390648151637
-0.2032355829732962
-1.0016193780997649
-0.023428395558648556
1.000092296079474
0.25191834786712874
-0.945219477645361
-0.4692502345157968
0.8389068743912832
0.6625535548266084
-0.6866413463604044
-0.820241089631835
0.49717003324112186
0.9330861159987208
-0.28175604371271656
-0.9950160539487598
0.05313752362366016
1.0034945367879735
0.1756222531604745
-0.9594570287746002
-0.39219375615056834
0.8668629168881394
0.5857866381333194
-0.7320034037827313
-0.7476150300611383
0.5627400460448956
0.8710276930459832
-0.36783577867415623
-0.951390028773326
0.15648478721886178
0.9858550203500348
0.061932664397656705
-0.9731657719312736
-0.2779252510886359
0.9135938508357418
0.4819082126641367
-0.8090480743754522
-0.6642949379427241
0.6633093127960451
0.815768310837994
-0.4822822290113212
-0.9277760137558214
0.27412408480318334
0.9932147096075222
-0.04912330647838976
-1.0071944510311306
-0.1807465987304995
0.9677284480714418
0.40259349155624824
-0.8761883000604961
-0.6036064848138711
0.7374031594453779
0.772138658676163
-0.5593530969352609
-0.8986948740795402
0.3524929966657759
0.9766637373402987
-0.12882066704277353
-1.0026887100486388
-0.09914879500920103
0.9766530559232884
0.3193330486758529
-0.9013351766537182
-0.5208219642267484
0.7818532255494395
0.6943366448414211
-0.6250449510769487
-0.8324151485762197
0.438914963851547
0.9293991490237412
-0.23223302723292363
-0.9813347481790038
0.014299138227962641
0.985901738328012
0.20517530119293345
-0.9424501231572977
-0.41616633499987427
0.8521624747466441
0.6085236091165592
-0.7182945074810468
-0.7723250117723901
0.5463943808590558
0.8984254599400103
-0.34437968112443096
-0.9791569553304653
0.12236692648632061
1.0090756530753409
0.10780186149213469
-0.9856156601506909
-0.3333208327222858
0.9095096718646875
0.541384176263924
-0.7848742039754768
-0.7202131880425654
0.6189225228185398
0.8599875833844955
-0.42134419711546034
-0.9535405373838086
0.20345648525295465
0.9967286436805751
0.022727668293219903
-0.9884588189320643
-0.24536706954948975
0.9304250478101136
0.45347990053407783
-0.8266600922711528
-0.6373946009707827
0.6830278311612762
0.7889739114445733
-0.5067668663462779
-0.901678413923802
0.30615161994958573
0.970566493892683
-0.09027768275161648
-0.9923247544531117
-0.13107808373753665
0.9653887264713301
0.34760831060511044
-0.890159484028399
-0.5487275753448402
0.7692644550587079
0.7239900491714455
-0.6077680753935677
-0.8636839283579298
0.4132234299868952
0.959552891202369
-0.19547497907359648
-1.0055420428650685
-0.033829434541742795
0.9984373157338349
0.2619945623841217
-0.9382720471486868
-0.4762154819760527
0.8284121480186057
0.664565727603047
-0.67529242751909
-0.8168900111795956
0.4878452960320101
0.9254758137013941
-0.27672128874379
-0.9854271775626875
0.05343371624780977
0.9947286491052043
0.1704405265950943
-0.9540501274484493
-0.38390395280715206
0.8663878934852262
0.5769788502317454
-0.7366523349576212
-0.7409580442702504
0.571296336183237
0.8685274024424076
-0.3780364824043391
-0.953845318734727
0.16566568880194513
0.9926579267265563
0.05609278268879891
-0.9824949247133224
-0.27676882397469416
0.9229406391880313
0.48544559151087235
-0.8159240401660921
-0.6712264219143105
0.6659357784596264
0.8238689331108988
-0.48007147402653016
-0.9345303375629764
0.267822278766776
0.9965215626484193
-0.04058119644432278
-1.00594511617501
-0.18910560587250655
0.9621000542594387
0.4084554989252369
-0.8675755851748526
-0.6054079454254464
0.7280132070081842
0.7694887402339793
-0.5515807036676376
-0.8924654951809187
0.34825337329206807
0.968727312097071
-0.12902536452779828
-0.9953816715777333
-0.09482932327033627
0.9721181851174192
0.31235847497604824
-0.9009271985194975
-0.5133585394395883
0.7857719501818287
0.6886432044723649
-0.6322947440180571
-0.830212003804513
0.447597316535454
0.931395579572447
-0.24008634885783653
-0.9870443714308885
0.019332326430988492
0.9937932929620259
0.2041330045153554
-0.95038732627617
-0.41915111663666305
0.8580068148475748
0.6144429237132685
-0.7205011098480534
-0.7792778206018125
0.5444351286130334
0.904243787295191
-0.338877886112916
-0.9820152179734082
0.11490953548539005
1.0079971957424725
0.11511835608535645
-0.9807365704823104
-0.3384811122760536
0.9020291769138845
0.5430152238168112
-0.7767090678809098
-0.71795974005294
0.6121651392318583
0.854599308926183
-0.41767766639901793
-0.9466498234164077
0.20369027740861467
0.9903843405229495
0.01887324512817792
-0.9845486419211894
-0.2391701120741347
0.9301489833381216
0.446848402461952
-0.8302012473425583
-0.6323259138142356
0.6895105911440305
0.7869948171569313
-0.5145111594109497
-0.9034223404016648
0.3131493668779956
0.9756045926738438
-0.09475621555130766
-0.9992955695802636
-0.13016383386190158
0.9723873953693898
0.35029167568856145
-0.895275305956448
-0.5540315148365064
0.7711152487804274
0.730211019200493
-0.6058820157930406
-0.8688763694016136
0.4081629917260763
0.9620771195326796
-0.18867059621747106
-1.0045218057069771
-0.04048698388512082
0.993999830356372
0.2666870169040099
-0.9315052126866011
-0.47770512964227074
0.821053226250065
0.6625367069850688
-0.6692374552644917
-0.8120287436055101
0.4846179111657116
0.9192701293517705
-0.2770499158351191
-0.9797425403956702
0.057054599545703674
0.9912817948006035
0.16470102791859959
-0.9539282278545756
-0.3777929268052962
0.8697475302014506
0.5723223060320496
-0.7426812718679945
-0.7391479070305781
0.5784469352537936
0.8701338269531785
-0.3844635045973032
-0.958462041228622
0.16974446238732704
0.9990223956985314
0.05531351271647113
-0.9888477297116344
-0.2793057984375207
0.9275219718108886
0.49038360204971865
-0.8174671956919668
-0.6769821395555446
0.664019415127383
0.8286404269715699
-0.47523276830702893
-0.9368051469328902
0.26140069916501424
0.995500539603218
-0.03433828245407396
-1.0017636968467534
-0.1934825625819585
0.9557860701766494
0.4098260477134182
-0.8607569153880611
-0.6034949498439787
0.7224586250459301
0.7649508250395424
-0.5487035896854384
-0.886706447860551
0.3487176910262658
0.963497277320882
-0.13256390818658653
-0.9922830855104771
-0.08933449054806479
0.9721555509833476
0.30655725221928226
-0.9042268315255113
-0.5089662861529554
0.7915495420800888
0.6869581210767485
-0.6390787130077911
-0.8317519274076213
0.45364410700627683
0.9357556160092819
-0.24387026718707638
-0.993014373282717
0.01997208795152527
0.9997011051233191
0.20663050255217824
-0.9545704969240146
-0.4238974937665224
0.8592798024086887
0.6199226084089198
-0.7184868011134808
-0.783777563588231
0.5396680747955951
0.9063361026138061
-0.3326510980373886
-0.9809597593764421
0.1089087840795888
1.0039476007937191
0.11928927146345866
-0.974695319271917
-0.3397503955704425
0.8955639717496575
0.541142057000155
-0.7715111776627713
-0.7135986725277181
0.6095742924762934
0.8491126839959834
-0.4183070996357701
-0.9417216976247524
0.20725702178001168
0.9875449689130423
0.01346571185156071
-0.9847434311510607
-0.23352075537899086
0.93347296673749
0.44260710345541865
-0.8358733167830055
-0.6307288050125565
0.6960941623806217
0.788517151019234
-0.5203186729410404
-0.9076462285293351
0.3167164957759242
0.98133834638148
-0.09525230032356255
-1.0049105717813294
-0.13270440687680352
0.9762773488155969
0.3549818777602023
-0.8963084756163154
-0.5593839305161737
0.7689525133870487
0.7345585942078071
-0.6010714848623526
-0.870843029192456
0.4019849102837436
0.960965792742761
-0.18277651799962566
-1.0005108004764587
-0.04453897753514567
0.9880925518627754
0.26787016733444374
-0.9252476497465499
-0.475811761508295
0.8160989382539853
0.6582350871874035
-0.6668826068040211
-0.8066732548763883
0.4854372171033529
0.9145183833333972
-0.28073586728764927
-0.97708732771625
0.06250508043690149
0.9916296594134578
0.1590715348374406
-0.9573432625105543
-0.3736062424311962
0.87543244821225
0.5707794650286877
-0.749201018980375
-0.7406907480338902
0.5841318532646215
0.8743205113273759
-0.38787853925322024
-0.9640915343098193
0.17009232700023677
1.0044728765895958
0.05796872539594092
-0.9925336811640126
-0.2840575444559791
0.9283412777483929
0.4957390907789549
-0.8151123472314311
-0.6812837593532601
0.6590651271311908
0.8305337951054972
-0.4689752053668879
-0.9356219965024842
0.2554934206713242
0.9914485459532352
-0.030327277223463508
-0.9958696186289169
-0.19459388937196626
0.9496079887341644
0.4078593879226775
-0.8559463844572354
-0.5991473748367376
0.7202958896523317
0.7595984093598513
-0.5497367593452994
-0.8820162457889233
0.35260764447239923
0.9609567043059309
-0.1381789103876171
-0.9927791702827653
-0.08360073684035557
0.9757226798811994
0.3023333640916399
-0.910034345055629
-0.5074439522906267
0.7981331133166052
0.6885552298782802
-0.644750782448325
-0.8359932264139879
0.4569680904058662
0.9414049727042297
-0.24406505641713785
-0.9984219065593525
0.01713271634179673
1.003267849494811
0.21155862834361083
-0.9551999301608057
-0.42938411869643706
0.8566889556532171
0.6242836759340071
-0.7132889108954471
-0.7856507304049236
0.5332028696315667
0.9050668193193784
-0.32660984682742383
-0.9767888439984643
0.10485918913106052
0.9979468493880477
0.12034473006029883
-0.968468531196619
-0.3376580802518603
0.8907969179322971
0.5366423140137657
-0.7694968689282164
-0.7081189878322577
0.6108472800373956
0.8443663068662121
-0.42249027028360103
-0.9392241995880174
0.2131648339413011
0.9881847304335725
0.007495709999723458
-0.9885273494803949
-0.22916071894230675
0.9395197572083762
0.44106717985242033
-0.8426572857726932
-0.6324138884082656
0.7018717542787501
0.7929094043058608
-0.5236183059469441
-0.9134474512861163
0.31675386164178276
0.9868331791038122
-0.09215371425632353
-1.0084491154401662
-0.13793444165307672
0.9767416665498245
0.360740925080599
-0.8934313616340843
-0.5639218457107051
0.7633979314246765
0.7364715897893332
-0.5942528150755308
-0.8694724804043802
0.39567092620092675
0.956588836033392
-0.17859509867139509
-0.9942678864862438
-0.04556000058036767
0.9816709722610837
0.26559535796452954
-0.9204089440271309
-0.4710402676477764
0.8141825749218375
0.6524793695461888
-0.6684257623299885
-0.8017352443374204
0.49001854972627507
0.9119814088706342
-0.2870886722859633
-0.9778665976888035
0.06886954940888168
0.995708432999074
0.15445481234339506
-0.9637702847036201
-0.37199981792027126
0.8825830472829905
0.5725896022683933
-0.7552299558908168
-0.7453472922336725
0.5874914899809546
0.8804315373293045
-0.3877566396594473
-0.9698310329862623
0.16664547269568036
1.0080937598875697
0.0636533625628491
-0.9928623082553475
-0.2902632288055426
0.9251138928821503
0.5006003583529265
-0.8090573749768422
-0.6833127799710812
0.6517062053626959
0.8290441474391557
-0.4622083709048698
-0.9309295419823428
0.2510559352938693
0.9847909966096905
-0.029307040065375416
-0.9890652357727663
-0.1920696610415438
0.9445475504733039
0.4026669468787973
-0.8540603248566387
-0.5929264048076476
0.7221466833740698
0.7542944698681219
-0.5548525812731706
-0.8793328807054184
0.3596063133703599
0.9618709541814181
-0.1451497255147767
-0.9972577030823649
-0.07856263805924868
0.982720426809511
0.3005894376138081
-0.9177786381201107
-0.5094230465782181
0.804615873299212
0.6936239170348127
-0.6482919375195598
-0.842624724486378
0.45669202593364006
0.9476019301796448
-0.24015487940602068
-1.0022763297243493
0.010788413183955998
1.0035016416503537
0.21844934231119104
-0.9515333994443115
-0.4347723931549312
0.849931572066436
0.6265371239236599
-0.7051237748008026
-0.7840196828520689
0.5257223746807226
0.8999065397657073
-0.3217307571588725
-0.9694723494052587
0.10378073179816144
0.9904894583871121
0.11748646741731837
-0.9629667361851353
-0.3318397528966558
0.8888376656863685
0.5296895051843717
-0.7717034712953428
-0.702199673235413
0.6166916201383303
0.8413815252294747
-0.4304274734025712
-0.9402664962655476
0.22105638857531107
0.993217918636697
0.001786086747789972
-0.9963806711052335
-0.22716428839350633
0.9482021098923685
0.44327032462405624
-0.8499070787138442
-0.6381073287772782
0.7057904789111348
0.800372829093019
-0.5232103278127782
-0.9204220249857561
0.312218990835894
0.9911526508427853
-0.08484667578533431
-1.008653812925094
-0.14587086689624393
0.9725020431760891
0.36697030397928326
-0.8856589683664922
-0.5665717641528473
0.7540079789873629
0.7346701291778104
-0.5856401001898307
-0.8636104730353349
0.3900425323888943
0.9482298288914153
-0.17734576381521655
-0.9857257764520551
-0.0422531475394615
0.9753691662245991
0.25884103415737675
-0.9181981890422527
-0.4629396453750292
0.8168090405852829
0.6455478855746388
-0.675301728120511
-0.7981978654906581
0.49936533807845773
0.9131378359844343
-0.2964178250678782
-0.9837064793974688
0.07567245578526327
1.0048893345819778
0.15199952238218084
-0.9739709884336384
-0.3745001085238658
0.8911393374211101
0.579246588059083
-0.759878887065583
-0.7541550801352936
0.5870164665778719
0.8887213406725539
-0.3823497383331575
-0.9750127595516138
0.15787958501283225
1.0083899525117952
0.07324223894891016
-0.9878275532864326
-0.29787353110306464
0.9157891556730307
0.5039514368051491
-0.7977084561355275
-0.6813006071948445
0.6412114789900314
0.8220788999790541
-0.45526094040826415
-0.9208533274656595
0.2494009549482631
0.9743899576268854
-0.03322970483071359
-0.9813046318732078
-0.18385583465435937
0.9417390901158631
0.3926912258632579
-0.8571946581490629
-0.5842739963757151
0.7305827276995264
0.7497468839764785
-0.5664593887596907
-0.8805734602316563
0.37132819381322973
0.9689807539779831
-0.1538456918059739
-1.0086506272895719
-0.07523468270144627
0.99554668047415
0.3034914992539912
-0.9286946707929383
-0.5176556439309002
0.8107134853317849
0.7047339339421393
-0.6479292460571859
-0.8532568114587674
0.4499899088327482
0.9544219809582021
-0.22901025386275803
-1.0029145986809291
-0.0016125880506638714
0.9972507329669503
0.22849527168242478
-0.9395979004751976
-0.43943515873773015
0.8351462789968322
0.6242459134122181
-0.6912042542886829
-0.7751503932239948
0.5162447143235969
0.8867375390779237
-0.31911918689128144
-0.9556026834532736
0.10858800691229069
0.9798663141680897
0.10679439106702926
-0.9587831495611272
-0.3185180334012707
0.8926061274806383
0.5178514908317976
-0.7827716407067591
-0.6956826767582428
0.6323511741033259
0.8426508200461311
-0.44660592558187495
-0.9496668646904228
0.2334179651253114
1.0087954072361156
-0.0033748462229130465
-1.0143453165535468
-0.2306432891726845
0.9639253874432177
0.4544015651980963
-0.8591941276968174
-0.6536586272305656
0.7060804046406332
0.8156897583461047
-0.5143646500697426
-0.9306845688818971
0.29666019657866805
0.9927311767238124
-0.0669811130322572
-1.0001878228077756
-0.1608140042079617
0.9553870251613101
0.37438327821528294
-0.8637787868026751
-0.5638030824201062
0.7327540846896495
0.7218702898147383
-0.5704600219427742
-0.8438286518445764
0.384902731099255
0.926698710492604
-0.18353590373816828
-0.9684954870751662
-0.026622268488989576
0.967640808583736
0.23846991303870013
-0.9228087975333169
-0.4441606223109567
0.8333006625024532
0.6346209879151798
-0.6998671986564261
-0.7995306728008861
0.5257347704466493
0.927923784129186
-0.3174913504358124
-1.0093872607412977
0.08548592490398936
1.0356411081437342
0.15650599698299983
-1.0021412027241234
-0.3924179968041408
0.9092922637220461
0.6056821281191089
-0.7629173750242796
-0.7813338757416396
0.5737917568003364
0.9079822351224266
-0.3562738005470724
-0.9791966482680737
0.12629726044972092
0.993985250358693
0.10083816675624782
-0.9562551790855397
-0.3123754068061955
0.8734014180964523
0.49927157390680615
-0.7543979634349516
-0.6563828029376021
0.607900472009758
0.7816741031341713
-0.44087133470105877
-0.8747346385946266
0.25809907602825727
0.9350811892943867
-0.06273501874445214
-0.9608093111667261
-0.1423261219502194
0.9480746327643509
0.35265962482010016
-0.891667845438989
-0.5607139945561079
0.7866375241947327
0.7550007969158264
-0.6305937783523952
-0.9205005759025386
0.42607967970468497
1.040412219342116
-0.18229858305894567
-1.0990075724682498
-0.08442858444527851
1.085016760620025
0.3518399758363322
-0.9947534359910578
-0.5945245427970011
0.8341583224546335
0.7878963364129177
-0.6191155557468189
-0.912577752675313
0.373749460888954
0.9582402838078852
-0.12686322679764944
-0.9259917883982918
-0.0928702193866761
0.8286614663158061
0.26202074821240273
-0.6887665943713212
-0.36674003900725494
0.5344536104259081
0.40536062656269756
-0.39417305874269115
-0.3886265450720606
0.29116165240228
0.3374220822798107
-0.23888665105199305
-0.27840706167267176
0.23843205493103573
