6.324555320336758268e-02
8.432073428955204342e-02
6.986670684458176628e-02
4.863745970541544228e-02
2.433350144079841904e-02
1.075431324288458890e-03
-1.739791562679221179e-02
-2.844998744573356414e-02
-3.104250186584150278e-02
-2.590869555266048230e-02
-1.537021820232776712e-02
-2.835329522278919046e-03
7.920223216878567729e-03
1.354483923932690154e-02
1.181593983402347281e-02
2.116209955891006078e-03
-1.441489559135647122e-02
-3.508547848709087091e-02
-5.617121063093392930e-02
-7.364764972928772302e-02
-8.398887378463434916e-02
-8.487301408586050977e-02
-7.565367926098909290e-02
-5.750285265391219536e-02
-3.319630778541946686e-02
-6.583846696689623496e-03
1.815051050783342973e-02
3.729141837767577239e-02
4.829871777354023676e-02
5.027744173135020866e-02
4.411849821092837798e-02
3.228303430886490799e-02
1.827466997670321863e-02
5.906110991278291228e-03
-1.492340758509375087e-03
-1.763358598696924961e-03
5.626479367858788772e-03
1.946608717992449195e-02
3.703410300596112620e-02
5.464137941028564260e-02
6.837336998762363893e-02
7.488391694836442347e-02
7.208148732696191552e-02
5.957022009875912599e-02
3.875697872355112622e-02
1.260220061549991062e-02
-1.493660640649961333e-02
-3.965854588511827372e-02
-5.792067814571819767e-02
-6.732801909473429269e-02
-6.717542703526409309e-02
-5.855415286771074868e-02
-4.410276750003030988e-02
-2.745314292558736699e-02
-1.248297343897740441e-02
-2.524833510639618028e-03
3.097117968606649674e-04
-4.444403197062053723e-03
-1.551577930006917128e-02
-3.016000155098511742e-02
-4.472358602832492841e-02
-5.539528228152972023e-02
-5.899398529896469900e-02
-5.363504696473034294e-02
-3.914094882261517222e-02
-1.711327936400061991e-02
9.349434115659548128e-03
3.623276381336755503e-02
5.937130200131388036e-02
7.524570755424270230e-02
8.165364548202783124e-02
7.812149762495307348e-02
6.597540635593557301e-02
4.805814541867862999e-02
2.814892286072760361e-02
1.020240571009142783e-02
-2.440806484409828447e-03
-7.714517425688023622e-03
-5.226341768817852063e-03
3.683230771980124801e-03
1.623335138682267462e-02
2.878773692197776624e-02
3.761426898433838095e-02
3.966652034768831242e-02
3.322999890121463434e-02
1.830288068566029644e-02
-3.365961001600994290e-03
-2.859033080200177462e-02
-5.334992780684345848e-02
-7.356384760965346825e-02
-8.588068218763753037e-02
-8.832808209777943953e-02
-8.069257457936183930e-02
-6.455416088979774869e-02
-4.296901534576162002e-02
-1.986373508865328305e-02
7.379635034938242244e-04
1.550191195553842632e-02
2.242683700917270234e-02
2.121650455922502454e-02
1.330711041405924569e-02
1.545374714925933958e-03
-1.041731590646369394e-02
-1.889257393219784947e-02
-2.092997779978966397e-02
-1.494337723152006428e-02
-1.062314777831960266e-03
1.886266524651311269e-02
4.160279348138556238e-02
6.317423424158710721e-02
7.961775123717844405e-02
8.777956763709626742e-02
8.593769049588306785e-02
7.414866118584337307e-02
5.424536677390238981e-02
2.948608327878771487e-02
3.924431374664579669e-03
-1.837447565260086693e-02
-3.411582789475724187e-02
-4.139953307462330978e-02
-4.006347237000210115e-02
-3.167807393910881258e-02
-1.919439447584456171e-02
-6.317143308454231665e-03
3.270978793466876311e-03
6.677599679578628822e-03
2.407181293074545092e-03
-9.316315525319966706e-03
-2.657577813047519444e-02
-4.613157463948401593e-02
-6.406277658517664508e-02
-7.655102236657997106e-02
-8.065037970523641908e-02
-7.488917307237033527e-02
-5.958313454073364129e-02
-3.679674668158337825e-02
-9.959787429475699255e-03
1.678515167824138482e-02
3.937475666577618105e-02
5.459946050903270037e-02
6.070663280234968318e-02
5.771307664701406936e-02
4.736549291787634647e-02
3.275786985954756703e-02
1.768323285535233422e-02
5.850164467915953959e-03
1.213960907885322515e-04
1.927210215323119091e-03
1.097129249072355955e-02
2.528805398638286558e-02
4.164002478685906172e-02
5.617577686222303968e-02
6.521658890339550319e-02
6.601416351991160059e-02
5.732732880678509391e-02
3.970168325338394033e-02
1.539538062749892973e-02
-1.203513345499531567e-02
-3.840773655682487575e-02
-5.971230722477299802e-02
-7.287518570366545434e-02
-7.633874139200885756e-02
-7.034125077491482081e-02
-5.684207829193031053e-02
-3.910790601929079596e-02
-2.104334188310074197e-02
-6.400150109217073169e-03
1.976577005412816224e-03
2.714555642703682381e-03
-3.820300033821763530e-03
-1.561200727457107140e-02
-2.941811412168786333e-02
-4.144351843186999673e-02
-4.812910713955784875e-02
-4.689674475538918585e-02
-3.670075984819759496e-02
-1.827466997670296189e-02
5.977259967588780323e-03
3.242307238190930002e-02
5.689334663751528798e-02
7.548172140838527167e-02
8.529670397852498476e-02
8.501538200499278441e-02
7.512909955342347845e-02
5.783255266533265937e-02
3.657883733188305175e-02
1.538954699734723652e-02
-1.942227770204960069e-03
-1.259693471637391565e-02
-1.527313567144731460e-02
-1.042335680306434240e-02
-1.347938418770362051e-04
1.232044610631143761e-02
2.317473995952533394e-02
2.895518719474457839e-02
2.721569360976236474e-02
1.706350127020137344e-02
-6.261498680536527195e-04
-2.335118274773088920e-02
-4.745244621578097177e-02
-6.881909602355848476e-02
-8.368939971218319895e-02
-8.938755270882565995e-02
-8.484971036039691550e-02
-7.083437774240218532e-02
-4.977518139866805164e-02
-2.530531516546188908e-02
-1.548370825107791421e-03
1.768323285535204972e-02
2.962270903640866482e-02
3.307029051875524928e-02
2.859828357986674008e-02
1.839982861201608713e-02
5.812666544705439794e-03
-5.385817316342279837e-03
-1.177029710353112713e-02
-1.098668135046621669e-02
-2.254038980316168395e-03
1.345193996597059127e-02
3.357140945662587250e-02
5.445495459059169346e-02
7.208196779516073960e-02
8.285958638979920576e-02
8.434267928362132460e-02
7.573095573362847999e-02
5.804361530609569719e-02
3.393620978573250180e-02
7.195711420515124926e-03
-1.798606926459436067e-02
-3.781641249944339700e-02
-4.962330996812502892e-02
-5.235164366436502459e-02
-4.673588078990465605e-02
-3.511589233439694341e-02
-2.093379252304217869e-02
-8.013381305492856682e-03
2.328714026042788543e-04
1.509993924402749932e-03
-4.881982417488509030e-03
-1.789514975347069117e-02
-3.493640866036604870e-02
-5.238540760754627212e-02
-6.632424911781337196e-02
-7.333296983814330261e-02
-7.119147409011768179e-02
-5.934711879582754701e-02
-3.905381673667752962e-02
-1.315402418335614131e-02
1.445377586679844235e-02
3.955672509305764584e-02
5.843127212694471107e-02
6.854941003606918049e-02
6.904745503636125492e-02
6.086475919405763546e-02
4.652563015927329432e-02
2.960892283060212460e-02
1.401204881826642601e-02
3.157078505527356749e-03
-7.019865605103550732e-04
3.067910110841690075e-03
1.335642083143403699e-02
2.754210324078588956e-02
4.203277336153950217e-02
5.300544597665249325e-02
5.719736065721844204e-02
5.258923865100801481e-02
3.884332804043783699e-02
1.740769711156692212e-02
-8.735140099857596763e-03
-3.562614739163610933e-02
-5.908386803183149349e-02
-7.550510264169357777e-02
-8.255319236045748077e-02
-7.959730269933722180e-02
-6.781573887359720887e-02
-4.994331321480026398e-02
-2.971374788692573293e-02
-1.110885666469841465e-02
2.435327919842508737e-03
8.706903274825844585e-03
7.145615481331867719e-03
-1.065455209407106113e-03
-1.326176998958710461e-02
-2.585969567092870347e-02
-3.510611111268427398e-02
-3.786449013849498696e-02
-3.227933018642504398e-02
-1.818505929733559359e-02
2.823401179034783215e-03
2.767361389696617116e-02
5.239664325922274712e-02
7.289097797943261403e-02
8.571756489936159518e-02
8.876780878348140835e-02
8.167162047457351970e-02
6.586436644286043640e-02
4.429954670950780188e-02
2.086462829900056007e-02
-3.834138935121245151e-04
-1.601045629378889182e-02
-2.386769303195930211e-02
-2.349253059086501422e-02
-1.616863731701860887e-02
-4.634095854353691493e-03
7.502991290422237128e-03
1.652358019005624110e-02
1.937865548829581508e-02
1.433493323516110349e-02
1.355207183388128234e-03
-1.786365607660675425e-02
-4.020355897780306803e-02
-6.172710711843445996e-02
-7.844897572842553235e-02
-8.712302547243216955e-02
-8.588815710231671730e-02
-7.464393267938598808e-02
-5.508079795784837085e-02
-3.035857002732163940e-02
-4.496958531617467614e-03
1.840073517360950664e-02
3.493640866036602788e-02
4.306173412307678916e-02
4.245072779403351315e-02
3.452694077963387731e-02
2.214094778714707432e-02
8.963690450793971448e-03
-1.282019784697635556e-03
-5.597256498779915046e-03
-2.334048752493392276e-03
8.452346932614679398e-03
2.499703545377087929e-02
4.416672429650892601e-02
6.208076459249405044e-02
7.488804422918945991e-02
7.954445249066767476e-02
7.443533219707058890e-02
5.971812715409031969e-02
3.731617248158888844e-02
1.056413021143500983e-02
-1.642495142726289187e-02
-3.954545812524522946e-02
-5.548194165987142129e-02
-6.233346065187604645e-02
-5.995589065210477075e-02
-4.995490128350749820e-02
-3.533205128900143016e-02
-1.985568510164558223e-02
-7.283195333520627035e-03
-5.907813665145186799e-04
-1.365181151234198809e-03
-9.479316234144621878e-03
-2.311687547406555965e-02
-3.914094882261569264e-02
-5.373288460256187699e-02
-6.317336256507130599e-02
-6.460908246181151782e-02
-5.665118237322917111e-02
-3.968498485432234851e-02
-1.582823549276156372e-02
1.145485175798355293e-02
3.800770975382730676e-02
5.977410369284150149e-02
7.357210134560215886e-02
7.769574300595158411e-02
7.222518473496650215e-02
5.898424146873233742e-02
4.115458687023316325e-02
2.262432480820424086e-02
7.201558204899913274e-03
-2.149622984981017226e-03
-3.897980796522496072e-03
1.758765013600040172e-03
1.294944346549348896e-02
2.652499200795952958e-02
3.871439562973276460e-02
4.590915592228499847e-02
4.541863357282870800e-02
3.604432990711876200e-02
1.835728387040894832e-02
-5.377953362781889152e-03
-3.161868843370289894e-02
-5.621688768038372863e-02
-7.521599887555131814e-02
-8.561350984881761772e-02
-8.593769049588351194e-02
-7.652395336786718683e-02
-5.943612903579818113e-02
-3.804872910574376432e-02
-1.637382477467807379e-02
1.732991137239806023e-03
1.332911887572011539e-02
1.695318415330700212e-02
1.289202259082890614e-02
3.093799601335437549e-03
-9.254509440868073991e-03
-2.039987940685090984e-02
-2.681075495237118800e-02
-2.592086899737831157e-02
-1.667961586964780002e-02
2.020947497756962752e-04
2.236067977499746687e-02
4.622264313425461513e-02
6.769364642854891478e-02
8.295693128332778943e-02
8.922213001653664377e-02
8.527524338705533280e-02
7.172011164544520034e-02
5.086316092393652899e-02
2.626429670953423640e-02
2.043340276279673878e-03
-1.791992480593765369e-02
-3.073293089042201248e-02
-3.503625017958500454e-02
-3.124011635427916683e-02
-2.140530946875461235e-02
-8.793291702099066340e-03
2.823401179034630559e-03
9.951607546739450055e-03
1.010980970687706121e-02
2.354902502296078726e-03
-1.250270145826015006e-02
-3.203939144566370772e-02
-5.268669679637104364e-02
-7.043452727710980410e-02
-8.162908197311249947e-02
-8.370608864075533562e-02
-7.571276685814183616e-02
-5.851393710800353865e-02
-3.464063150576394273e-02
-7.810830210756977351e-03
1.778268523007809146e-02
3.827596150371594813e-02
5.086940519759006185e-02
5.434931277135691269e-02
4.929229527380445119e-02
3.791286402584820303e-02
2.358572023567751669e-02
1.013923357948157480e-02
1.062227244771764278e-03
-1.216605836762023329e-03
4.168016218650899551e-03
1.633307712169092263e-02
3.281806338297178771e-02
5.007748918652428494e-02
6.419670418634841613e-02
7.168773753807997084e-02
7.020575539161713619e-02
5.904240025181017870e-02
3.929670869678731498e-02
1.368859590939898972e-02
-1.394879148229240945e-02
-3.939746512840518883e-02
-5.885927943698111842e-02
-6.967723555573633598e-02
-7.083037559751809153e-02
-6.310443154996704662e-02
-4.890510555445679031e-02
-3.175216060741255231e-02
-1.555614881208428404e-02
-3.822883886576262935e-03
1.054967857165065026e-03
-1.722605666035784133e-03
-1.120821318856879759e-02
-2.490784101468542996e-02
-3.929670869678761336e-02
-5.054661003849125062e-02
-5.531872992559584701e-02
-5.146270249820902865e-02
-3.848129301673787472e-02
-1.766682789957362693e-02
8.118972469827463734e-03
3.497887780897735582e-02
5.872217849440676540e-02
7.566766467340060864e-02
8.334810990921245888e-02
8.097639969871806009e-02
6.958094951699925201e-02
5.178399268537488970e-02
3.126751445015603370e-02
1.203384373310196001e-02
-2.391242412235435044e-03
-9.653750345388512066e-03
-9.026388770444353921e-03
-1.532725733349657449e-03
1.028360611123414411e-02
2.289777077073762088e-02
3.254208753244332286e-02
3.599535403562862529e-02
3.126434592332057172e-02
1.802021015747026778e-02
-2.298561933041284172e-03
-2.673824746990605822e-02
-5.138774692141693384e-02
-7.213165749600136678e-02
-8.544891864340578569e-02
-8.909813825989493230e-02
-8.255319236045828568e-02
-6.710241622964474573e-02
-4.559174047928111345e-02
-2.186308152778394798e-02
-4.926614671774132148e-16
1.646903179841308767e-02
2.525111405148502963e-02
2.571790044806730041e-02
1.899821111811981350e-02
7.716735066309078628e-03
-4.567920692811457128e-03
-1.411245080220176890e-02
-1.777451662298135809e-02
-1.367676428995740281e-02
-1.615456383467550605e-03
1.686891465211277225e-02
3.877401567931380161e-02
6.021538171062301714e-02
7.718819898128906343e-02
8.635936516755435277e-02
8.573179756729906731e-02
7.504829812042285164e-02
5.585413488460042042e-02
3.120550783721832977e-02
5.081648794242374367e-03
-1.838263757584869887e-02
-3.569144818448194423e-02
-4.465144880529637456e-02
-4.477314120262214370e-02
-3.733063158069918619e-02
-2.506907001001217744e-02
-1.161933023817004335e-02
-7.379635034946915861e-04
4.474692578858095737e-03
2.221099529381882765e-03
-7.612193757542656813e-03
-2.341539496926580907e-02
-4.216675074844966620e-02
-6.003237117719077698e-02
-7.313485667841052029e-02
-7.833706705681142690e-02
-7.388415815633300743e-02
-5.977515148460876837e-02
-3.778917857023424837e-02
-1.116039418236761983e-02
1.603437273350261094e-02
3.965386295430908120e-02
5.628208214016705568e-02
6.387275712750171974e-02
6.212089392034952917e-02
5.248828475275241212e-02
3.787890372870847400e-02
2.203000373640239679e-02
8.741422127540143805e-03
1.097793697797243284e-03
8.396284656527197576e-04
8.009291689642754342e-03
2.094280816040254567e-02
3.660912053572835945e-02
5.122881379154024806e-02
6.104829119602604715e-02
6.311415212712614964e-02
5.589232495173512144e-02
3.960739303753037927e-02
1.623335138682296605e-02
-1.086340113765077789e-02
-3.755859191986123113e-02
-5.975645150231106983e-02
-7.417190799817928448e-02
-7.895336119566674637e-02
-7.402257845355617039e-02
-6.106467479179891050e-02
-4.317092950513483351e-02
-2.420640964837022374e-02
-8.029190254557463935e-03
2.282566852778840361e-03
5.041173041133030497e-03
2.757424735315566755e-04
-1.029059654104922186e-02
-2.360755856117836837e-02
-3.593466230784084225e-02
-4.362021663560695928e-02
-4.386575220588719709e-02
-3.532213488830676651e-02
-1.839716652286837312e-02
4.787903082292540441e-03
3.078537442127354112e-02
5.547535553879846815e-02
7.485755906143860827e-02
8.582334256516471749e-02
8.675452243612211123e-02
7.782996075629225463e-02
6.097915349895163817e-02
3.949240605399135379e-02
1.736561524799761988e-02
-1.489483158493017101e-03
-1.401204881826566273e-02
-1.858308111009262728e-02
-1.532309623617250302e-02
-6.037811058386761270e-03
6.176428777653510463e-03
1.758764652270187329e-02
2.461171589943630250e-02
2.456666813106839209e-02
1.624598481164593947e-02
1.952288082337355624e-04
-2.136430227206555232e-02
-4.495059990479569750e-02
-6.649255949926864695e-02
-8.212469159569854571e-02
-8.894668035160849251e-02
-8.559639091970761005e-02
-7.252201919672887631e-02
-5.189900427108878889e-02
-2.720811678330120262e-02
-2.558655168901607935e-03
1.810855971824797822e-02
3.177984021873334064e-02
3.693818632577360039e-02
3.383088588072025171e-02
2.438272790643158244e-02
1.177326360973653466e-02
-2.362988068925417351e-04
-8.090962076762676231e-03
-9.186078164629914167e-03
-2.418076373836626491e-03
1.156914963000337665e-02
3.049218518557281210e-02
5.086940519758875040e-02
6.870790731240117299e-02
8.029906193633931655e-02
8.296378092950371097e-02
7.559846322905872107e-02
5.891221697795531731e-02
3.530746836004105410e-02
8.427161517919400796e-03
-1.754176948547262610e-02
-3.867039572612230441e-02
-5.203601482574634479e-02
-5.626816790737774326e-02
-5.178445887663871844e-02
-4.067016693146727896e-02
-2.622678827911803859e-02
-1.228073388929898022e-02
-2.391242412235240755e-03
8.834139193487147712e-04
-3.485855900526961537e-03
-1.478237107498389311e-02
-3.068231194670299408e-02
-4.772100877029553101e-02
-6.199365627458697237e-02
-6.995019237290886482e-02
-6.912508183687400554e-02
-5.865558364260325258e-02
-3.948419373069735755e-02
-1.420393257035444320e-02
1.342359111379492001e-02
3.918209921606553153e-02
5.920499461507415517e-02
7.071053431504960296e-02
7.252201919672746078e-02
6.527009950408303729e-02
5.123773149080563388e-02
3.387961463149729430e-02
1.711284785617232795e-02
4.521101334124442983e-03
-1.368291349511156774e-03
4.103292834142027723e-04
9.074166793980174839e-03
2.226088461209971281e-02
3.651910141889505579e-02
4.802191633857139791e-02
5.336019021794687067e-02
5.025623449180911806e-02
3.805434958209142488e-02
1.788915855645507175e-02
-7.502991290421971715e-03
-3.429298825872292844e-02
-5.828768368007535006e-02
-7.573383822612206329e-02
-8.403763577315204181e-02
-8.225688320627248806e-02
-7.126830859020397146e-02
-5.357714166341846773e-02
-3.280747146086790411e-02
-1.297548171864979991e-02
2.309138775579276659e-03
1.055415249753699491e-02
1.086633593436391390e-02
4.107904172994242958e-03
-7.302814138562058882e-03
-1.990583192599727075e-02
-2.992537804617596137e-02
-3.406113870631535812e-02
-3.018568592527922506e-02
-1.780762371525384732e-02
1.793205806934764640e-03
2.578655554425841184e-02
5.032553993149594534e-02
7.128760746920802249e-02
8.507546950919206430e-02
8.931861264672616429e-02
8.333572527310335876e-02
6.826596578800167570e-02
4.684298508669535593e-02
2.285680962908446731e-02
4.108734245458108003e-04
-1.687776195598074055e-02
-2.657577813047529505e-02
-2.788995620716491763e-02
-2.179220359678577315e-02
-1.078924754057631816e-02
1.615929420571274311e-03
1.166219516300516165e-02
1.611931222187643412e-02
1.296915828588027925e-02
1.841956769244181003e-03
-1.588061370209487358e-02
-3.731688860780046219e-02
-5.864173728785652961e-02
-7.583749431673320052e-02
-8.548964441027309680e-02
-8.546847650111327743e-02
-7.536051830265033669e-02
-5.656337084235706081e-02
-3.202463605749134717e-02
-5.676572481368716977e-03
1.832124608953647482e-02
3.638076857560949146e-02
4.616712385766872512e-02
4.702792192116701797e-02
4.008550590408141434e-02
2.797483578794948689e-02
1.428048632711846275e-02
2.786324485752063318e-03
-3.311209316808623460e-03
-2.068119411173539868e-03
6.797479801951535061e-03
2.183353063982038794e-02
4.013483812576362081e-02
5.792067814571896095e-02
7.129387589929941926e-02
7.702957088596064372e-02
7.323576507623068277e-02
5.975319191856030138e-02
3.821396707879753940e-02
1.174651691080169473e-02
-1.561516276947240260e-02
-3.970088187889245224e-02
-5.699960285058078974e-02
-6.532294335883026548e-02
-6.420536811268000299e-02
-5.496218857524268198e-02
-4.039480538857982694e-02
-2.420302538169516113e-02
-1.022269931270246290e-02
-1.641689134200249867e-03
-3.513424943985751780e-04
-6.563399082764313774e-03
-1.876902912570156332e-02
-3.404814947730307184e-02
-4.866698143208186139e-02
-5.884403567304918869e-02
-6.153088425696367353e-02
-5.505097118156261626e-02
-3.946794747733815140e-02
-1.660895602792506615e-02
1.026283949108289760e-02
3.706214710318231353e-02
5.966030897320940413e-02
7.467442090264411747e-02
8.011017697629316259e-02
7.573095573363013144e-02
6.308025777158035585e-02
4.515373785263707834e-02
2.578693721635502700e-02
8.881458559478826176e-03
-2.375574994959078756e-03
-6.142783260329694184e-03
-2.280539856488565664e-03
7.639058059167334880e-03
2.066972899169228564e-02
3.310792421910424554e-02
4.126502683296884300e-02
4.223959255105944055e-02
3.453429532288651571e-02
1.839321321775709908e-02
-4.209055320047595805e-03
-2.992537804617568728e-02
-5.467071556609014171e-02
-7.440757783440940520e-02
-8.592626277476074492e-02
-8.746474665881648347e-02
-7.904498847822609420e-02
-6.245890996218902980e-02
-4.090713437196632357e-02
-1.836276437835146838e-02
1.212769176494418732e-03
1.464538479624772141e-02
2.016102409533698445e-02
1.771352895215113493e-02
8.962984383482291290e-03
-3.090242311240203304e-03
-1.474163894073043934e-02
-2.236067977499726564e-02
-2.315435746478964815e-02
-1.576243397444013900e-02
-5.643818029485575538e-04
2.036434467121450362e-02
4.363890856057641571e-02
6.521813303511939108e-02
8.119417879450877007e-02
8.856158554455473286e-02
8.581235435421197266e-02
7.323832223429835309e-02
5.288037824732237657e-02
2.813444848767512885e-02
3.092578075413719013e-03
-1.824980050416373165e-02
-3.276273945976464902e-02
-3.877401567931564041e-02
-3.636736849493921175e-02
-2.732819175549820734e-02
-1.474863077168613902e-02
-2.372108658389823072e-03
6.190642444445233761e-03
8.216342115921468348e-03
2.442926292227490248e-03
-1.065319867403120846e-02
-2.893254616529246023e-02
-4.900609847591105850e-02
-6.690478848276018575e-02
-7.887136437328845506e-02
-8.211644414486202193e-02
-7.538753163000969093e-02
-5.923695356170868842e-02
-3.593466230784251453e-02
-9.042650388009498830e-03
1.726480199990164041e-02
3.900015512006907437e-02
5.312227849960231979e-02
5.810604991442429312e-02
5.420918161233667654e-02
4.338406592313004406e-02
2.885332716641773182e-02
1.443489618827273335e-02
3.752376236298642087e-03
-5.107343344739542768e-04
2.836692566871884535e-03
1.324548358647167565e-02
2.853239831581012159e-02
4.531940402876670493e-02
5.971812715409066663e-02
6.812243884276994454e-02
6.795034470052091491e-02
5.818631197664954346e-02
3.961489527177879111e-02
1.469808014900920480e-02
-1.288014390135348505e-02
-3.891204647774802738e-02
-5.946883675593163388e-02
-7.164848529298085966e-02
-7.412034707469430939e-02
-6.735879107425901680e-02
-5.352009615831751499e-02
-3.598803988800033937e-02
-1.867966856413079066e-02
-5.250497467667494811e-03
1.641689134199313116e-03
8.671633968157649308e-04
-6.957242190405939913e-03
-1.960490188433789555e-02
-3.370371101438336681e-02
-4.543460184049848138e-02
-5.132396204418106234e-02
-4.897075921048006653e-02
-3.756211240197343537e-02
-1.807324314814131097e-02
6.889245342617117407e-03
3.357056058175138941e-02
5.778193521294582025e-02
7.570420480115952477e-02
8.462115649437496057e-02
8.343698314168920827e-02
7.287518570366557924e-02
5.531976620889386687e-02
3.433086021471418170e-02
1.393182830191519797e-02
-2.189696431094366458e-03
-1.140730530645018420e-02
-1.266321996047229531e-02
-6.656726932707135447e-03
4.323341232493104272e-03
1.688779236280908008e-02
2.725924905491561301e-02
3.206398338825845740e-02
2.904410542075930995e-02
1.754668416953264129e-02
-1.309044212561845388e-03
-2.482086677402114278e-02
-4.921238644305259147e-02
-7.036066208355387652e-02
-8.459808823001593869e-02
-8.942892630695628564e-02
-8.401778853271360537e-02
-6.935276499830297925e-02
-4.805070920866714307e-02
-2.384350996746228274e-02
-8.477338817772031576e-04
1.723687127147898943e-02
2.784047462809591256e-02
3.000613719050813921e-02
2.454704898806022925e-02
1.384760316314316564e-02
1.349121563856461523e-03
-9.175900381699863412e-03
-1.441489559135653020e-02
-1.221250684655764140e-02
-2.033683840475614124e-03
1.490088757727716859e-02
3.583491914558525199e-02
5.700892560455717711e-02
7.439905401419077968e-02
8.451506742108311210e-02
8.509820810644268263e-02
7.557948130150325683e-02
5.720658280140852175e-02
3.281372104473370688e-02
6.279767890139117265e-03
-1.821770624895529406e-02
-3.700430649660782501e-02
-4.760732915346271160e-02
-4.921238644305270249e-02
-4.278799397980512231e-02
-3.085434149936349540e-02
-1.694355327440797560e-02
-4.860345581833847017e-03
2.108203096915069186e-03
1.874989985084216104e-03
-6.009755957918930247e-03
-2.025408576409793923e-02
-3.807419314133481808e-02
-5.574884343933378394e-02
-6.936763717260460704e-02
-7.562345400945447160e-02
-7.249040843416550139e-02
-5.965134801488040928e-02
-3.858880871793739231e-02
-1.232044610631190945e-02
1.516911796798294659e-02
3.968752420616303289e-02
5.763435349137537717e-02
6.668257516824256659e-02
6.620671074757891739e-02
5.737323476857772442e-02
4.287616033909166791e-02
2.637156048991969731e-02
1.172481283004511016e-02
2.221631266852541753e-03
-9.897948737430661836e-05
5.143748425113565947e-03
1.659868681896011638e-02
3.146166829127471087e-02
4.605087873540709975e-02
5.656337084235764368e-02
5.986092439018536604e-02
5.412746471668222065e-02
3.926578764549076839e-02
1.695332830035346794e-02
-9.655232710679450756e-03
-3.652020604163334905e-02
-5.948674840548598408e-02
-7.507959645226985890e-02
-8.116491479683252130e-02
-7.734796130815163595e-02
-6.502794850293354412e-02
-4.709984102065064432e-02
-2.736321989590016768e-02
-9.756703936268748545e-03
2.428909280713716090e-03
7.201558204900884719e-03
4.253017494853406077e-03
-4.998387828001178007e-03
-1.771543735682358164e-02
-3.023785517603093387e-02
-3.884642936284228576e-02
-4.054176881085621437e-02
-3.368104660467848011e-02
-1.834440286079270371e-02
3.643322249028382170e-03
2.904097179665814446e-02
5.380501485246782373e-02
7.386735710909028696e-02
8.592248047420653068e-02
8.806737935311792498e-02
8.016702399088099229e-02
6.387275712750448142e-02
4.229019902498228067e-02
1.936308175523240860e-02
-9.039944711176292613e-04
-1.522889073568112206e-02
-2.168531406484520974e-02
-2.006035178959127835e-02
-1.186551417356675360e-02
